0;-0.353654570193;
1;-0.655410475873;
2;-1.182631898248;
3;-1.871947069251;
4;-2.501867821124;
5;3.163991846074;
6;2.544409452274;
7;1.927814866171;
8;1.313013902496;
9;0.699425219853;
10;0.087189785820;
11;-0.523037198481;
12;-1.130954458325;
13;-1.736999047742;
14;-2.341766462619;
15;3.337944237337;
16;2.736358370237;
17;2.137065046153;
18;1.539767836532;
19;0.943859173281;
20;0.349187914766;
21;-0.243759885866;
22;-0.834478958723;
23;-1.423069865383;
24;-2.010101197790;
25;-2.595905513332;
26;3.103005894853;
27;2.520820746156;
28;1.940859410947;
29;1.362682565924;
30;0.785812200858;
31;0.210297887792;
32;-0.363353034787;
33;-0.934781148613;
34;-1.504189790934;
35;-2.072095133728;
36;-2.638725230211;
37;3.079419848078;
38;2.516455200546;
39;1.955667672584;
40;1.396671172993;
41;0.839036523128;
42;0.282769758722;
43;-0.271705027802;
44;-0.824024315384;
45;-1.374281323723;
46;-1.922911472403;
47;-2.470212686485;
48;3.267156562699;
49;2.723256864673;
50;2.181512721597;
51;1.641724490912;
52;1.103476592705;
53;0.566576806756;
54;0.031249834917;
55;-0.502106945644;
56;-1.033336755699;
57;-1.562675561843;
58;-2.090500527134;
59;-2.616946653005;
60;3.141406761294;
61;2.618548901441;
62;2.097789010574;
63;1.578901524369;
64;1.061543203725;
65;0.545589450965;
66;0.031247828323;
67;-0.481152174291;
68;-0.991477535413;
69;-1.499910402216;
70;-2.006765670138;
71;-2.512192689132;
72;3.267143152176;
73;2.765171006787;
74;2.265245742112;
75;1.767257250704;
76;1.270926129378;
77;0.776060512809;
78;0.282724247029;
79;-0.208829199143;
80;-0.698387803120;
81;-1.185964737161;
82;-1.671777935806;
83;-2.156053777855;
84;-2.638832894242;
85;3.163242571071;
86;2.684032948245;
87;2.206815937704;
88;1.731474638038;
89;1.257788504159;
90;0.785619135568;
91;0.315019901247;
92;-0.153815638126;
93;-0.620716119781;
94;-1.085668617323;
95;-1.548821464708;
96;-2.010359857732;
97;-2.470359182568;
98;3.354453690454;
99;2.897883902953;
100;2.443241184106;
101;1.990506499868;
102;1.539538942852;
103;1.090187496308;
104;0.642403780436;
105;0.196272657312;
106;-0.248056876279;
107;-0.690483658054;
108;-1.131024813970;
109;-1.569797060198;
110;-2.006928149194;
111;-2.442466279042;
112;3.406834739384;
113;2.974725626398;
114;2.544486206345;
115;2.116121109723;
116;1.689547230189;
117;1.264655147368;
118;0.841383850140;
119;0.419758095869;
120;-0.000133174692;
121;-0.418199023054;
122;-0.834405790776;
123;-1.248794514681;
124;-1.661450053761;
125;-2.072444263829;
126;-2.481792003785;
127;3.393739500759;
128;2.987855540325;
129;2.583797326641;
130;2.181568138515;
131;1.781121063803;
132;1.382390641777;
133;0.985333104358;
134;0.589950353857;
135;0.196284985461;
136;-0.195607730876;
137;-0.585692576079;
138;-0.973972578768;
139;-1.360483754606;
140;-1.745271961391;
141;-2.128366519786;
142;-2.509765912773;
143;3.393743623697;
144;3.015828717937;
145;2.639699856855;
146;2.265357936050;
147;1.892782228655;
148;1.521943573984;
149;1.152820574121;
150;0.785409702884;
151;0.419724650184;
152;0.055786966279;
153;-0.306385993396;
154;-0.666789130979;
155;-1.025430313693;
156;-1.382324177638;
157;-1.737483572885;
158;-2.090913494049;
159;-2.442609917378;
160;3.490621592046;
161;3.142418670335;
162;2.795969644560;
163;2.451271829046;
164;2.108319437068;
165;1.767107956300;
166;1.427637083102;
167;1.089910788327;
168;0.753934532360;
169;0.419711270224;
170;0.087239200128;
171;-0.243488127343;
172;-0.572478471548;
173;-0.899736740368;
174;-1.225261701112;
175;-1.549045599881;
176;-1.871077134520;
177;-2.191346661083;
178;-2.509850770187;
179;3.456590553022;
180;3.141594252568;
181;2.828330825536;
182;2.516789124399;
183;2.206966801086;
184;1.898871835361;
185;1.592520000934;
186;1.287929137642;
187;0.985112323746;
188;0.684072533837;
189;0.384801094635;
190;0.087280357891;
191;-0.208510268424;
192;-0.502586871952;
193;-0.794955192070;
194;-1.085608517746;
195;-1.374529266868;
196;-1.661694967468;
197;-1.947085508453;
198;-2.230690065707;
199;-2.512510597394;
200;3.490623798621;
201;3.212320027791;
202;2.935739759608;
203;2.660865678095;
204;2.387691764382;
205;2.116225515142;
206;1.846485689851;
207;1.578496872274;
208;1.312282284423;
209;1.047857376588;
210;0.785225382869;
211;0.524376345415;
212;0.265290102075;
213;0.007941617799;
214;-0.247692308440;
215;-0.501627041041;
216;-0.753866121447;
217;-1.004400494034;
218;-1.253210992823;
219;-1.500273056666;
220;-1.745562874655;
221;-1.989063120963;
222;-2.230766967042;
223;-2.470679429308;
224;-2.708816053627;
225;3.337986100448;
226;3.103332339644;
227;2.870387575187;
228;2.639139404656;
229;2.409585706442;
230;2.181735245771;
231;1.955605288110;
232;1.731217981263;
233;1.508595739114;
234;1.287756914574;
235;1.068712076657;
236;0.851462514256;
237;0.636000091810;
238;0.422309034844;
239;0.210369162413;
240;0.000159600370;
241;-0.208337652807;
242;-0.415134425621;
243;-0.620234722797;
244;-0.823634481118;
245;-1.025322120884;
246;-1.225281065381;
247;-1.423492443345;
248;-1.619938073809;
249;-1.814603447121;
250;-2.007479676474;
251;-2.198564474189;
252;-2.387862318745;
253;-2.575383641124;
254;3.522042497155;
255;3.338029162585;
256;3.155745747962;
257;2.975178792122;
258;2.796319119868;
259;2.619162413678;
260;2.443710064473;
261;2.269968301931;
262;2.097947329945;
263;1.927659972930;
264;1.759119900298;
265;1.592340115198;
266;1.427331526761;
267;1.264101738288;
268;1.102654578421;
269;0.942989778290;
270;0.785103282867;
271;0.628988083422;
272;0.474634742360;
273;0.322032743368;
274;0.171171429981;
275;0.022041001368;
276;-0.125366537488;
277;-0.271056987219;
278;-0.415033303121;
279;-0.557295985146;
280;-0.697842636791;
281;-0.836668823319;
282;-0.973768313593;
283;-1.109133828157;
284;-1.242757601768;
285;-1.374632017379;
286;-1.504750104158;
287;-1.633106112307;
288;-1.759695694577;
289;-1.884516161509;
290;-2.007566366935;
291;-2.128846943880;
292;-2.248359777377;
293;-2.366108102657;
294;-2.482095995304;
295;-2.596328039834;
296;-2.708809163581;
297;3.463641077529;
298;3.354647465395;
299;3.247391271439;
300;3.141869022034;
301;3.038078114720;
302;2.936016706616;
303;2.835683792233;
304;2.737079234822;
305;2.640203473679;
306;2.545057756684;
307;2.451643650761;
308;2.359963264539;
309;2.270018845783;
310;2.181812862917;
311;2.095347809982;
312;2.010626069170;
313;1.927649911555;
314;1.846421378586;
315;1.766942245937;
316;1.689214033785;
317;1.613237931728;
318;1.539014769255;
319;1.466545210358;
320;1.395829487548;
321;1.326867713842;
322;1.259659688662;
323;1.194205047685;
324;1.130503341993;
325;1.068553874938;
326;1.008355978339;
327;0.949908863316;
328;0.893211769983;
329;0.838263892149;
330;0.785064432273;
331;0.733612652325;
332;0.683907857370;
333;0.635949385249;
334;0.589736672638;
335;0.545269178285;
336;0.502546472721;
337;0.461568175023;
338;0.422333952814;
339;0.384843556129;
340;0.349096786975;
341;0.315093500250;
342;0.282833582249;
343;0.252316983237;
344;0.223543684617;
345;0.196513679217;
346;0.171227020179;
347;0.147683736031;
348;0.125883923870;
349;0.105827588089;
350;0.087514873944;
351;0.070945882148;
352;0.056120625447;
353;0.043039259948;
354;0.031701800001;
355;0.022108357971;
356;0.014259029270;
357;0.008153806828;
358;0.003792785728;
359;0.001175966814;
360;0.000303436125;
361;0.001175096826;
362;0.003791053461;
363;0.008151256732;
364;0.014255680477;
365;0.022104297648;
366;0.031697071920;
367;0.043033989832;
368;0.056114962947;
369;0.070939898870;
370;0.087508783478;
371;0.105821522585;
372;0.125878061728;
373;0.147678361645;
374;0.171222344674;
375;0.196509953758;
376;0.223541172254;
377;0.252315975118;
378;0.282834389595;
379;0.315096435048;
380;0.349102170949;
381;0.384851724270;
382;0.422345213157;
383;0.461582831611;
384;0.502564813190;
385;0.545291444540;
386;0.589763057086;
387;0.635980059813;
388;0.683942876375;
389;0.733652048049;
390;0.785108061978;
391;0.838311581693;
392;0.893263203162;
393;0.949963562099;
394;1.008413327882;
395;1.068613109203;
396;1.130563632124;
397;1.194265314654;
398;1.259718799677;
399;1.326924408607;
400;1.395882353910;
401;1.466592815655;
402;1.539055674208;
403;1.613270698329;
404;1.689237300153;
405;1.766954777684;
406;1.846422129918;
407;1.927638139642;
408;2.010601335565;
409;2.095310078755;
410;2.181762557711;
411;2.269956855466;
412;2.359891035247;
413;2.451563107176;
414;2.544971331182;
415;2.640114125290;
416;2.736990211829;
417;2.835598668710;
418;2.935939149636;
419;3.038011769981;
420;3.141817391965;
421;3.247357367854;
422;3.354633701798;
423;3.463648994833;
424;3.574406339665;
425;-2.596276132480;
426;-2.482024166637;
427;-2.366019397188;
428;-2.248258411268;
429;-2.128738113789;
430;-2.007456229215;
431;-1.884411294831;
432;-1.759602821579;
433;-1.633031574029;
434;-1.504699420982;
435;-1.374609378442;
436;-1.242765560729;
437;-1.109172824737;
438;-0.973836495354;
439;-0.836762018703;
440;-0.697954491775;
441;-0.557418213730;
442;-0.415156416686;
443;-0.271170756020;
444;-0.125461177011;
445;0.021974350694;
446;0.171139439623;
447;0.322039391779;
448;0.474680536977;
449;0.629069833852;
450;0.785214181494;
451;0.943119667349;
452;1.102791016138;
453;1.264230925680;
454;1.427439734998;
455;1.592415338678;
456;1.759153066777;
457;1.927646453174;
458;2.097887653043;
459;2.269868412738;
460;2.443581011639;
461;2.619019294466;
462;2.796179323518;
463;2.975060109392;
464;3.155663877438;
465;3.337995661961;
466;3.522062909347;
467;-2.575310904136;
468;-2.387746161160;
469;-2.198420265703;
470;-2.007327428507;
471;-1.814465114490;
472;-1.619834272005;
473;-1.423439365854;
474;-1.225287707371;
475;-1.025388344903;
476;-0.823750661276;
477;-0.620382798520;
478;-0.415290418494;
479;-0.208475485802;
480;0.000063683138;
481;0.210332537285;
482;0.422339135569;
483;0.636092688035;
484;0.851601911873;
485;1.068873437862;
486;1.287910575220;
487;1.508712574782;
488;1.731275093227;
489;1.955590888896;
490;2.181651411384;
491;2.409448639447;
492;2.638976680109;
493;2.870232882370;
494;3.103218468978;
495;3.337938100841;
496;3.574398444965;
497;-2.470578418350;
498;-2.230615716856;
499;-1.988895147353;
500;-1.745416352466;
501;-1.500182084147;
502;-1.253197444072;
503;-1.004468152614;
504;-0.753999094984;
505;-0.501793018773;
506;-0.247850078914;
507;0.007832215981;
508;0.265257634149;
509;0.524430090859;
510;0.785352157736;
511;1.048024325652;
512;1.312444903146;
513;1.578611072507;
514;1.846519794572;
515;2.116169680424;
516;2.387561464500;
517;2.660698041031;
518;2.935583519236;
519;3.212221348769;
520;3.490612659690;
521;-2.512430094203;
522;-2.230541681499;
523;-1.946914350577;
524;-1.661554013603;
525;-1.374462889351;
526;-1.085637970784;
527;-0.795071092937;
528;-0.502751370799;
529;-0.208668937602;
530;0.087180834393;
531;0.384794929367;
532;0.684162448529;
533;0.985267856587;
534;1.288096418248;
535;1.592640306294;
536;1.898902352737;
537;2.206896624808;
538;2.516643956322;
539;2.828164423329;
540;3.141468926086;
541;3.456553972126;
542;-2.509784188328;
543;-2.191202087378;
544;-1.870910346981;
545;-1.548921767227;
546;-1.225229663934;
547;-0.899809042477;
548;-0.572625520610;
549;-0.243649400045;
550;0.087130688663;
551;0.419701255556;
552;0.754027589101;
553;1.090067661483;
554;1.427790580050;
555;1.767191855723;
556;2.108297379140;
557;2.451154077871;
558;2.795809302123;
559;3.142288476333;
560;3.490581295713;
561;-2.442541518908;
562;-2.090767978903;
563;-1.737328839971;
564;-1.382232998390;
565;-1.025445678392;
566;-0.666903016505;
567;-0.306542402478;
568;0.055665202282;
569;0.419698215560;
570;0.785491979082;
571;1.152970140359;
572;1.522084658455;
573;1.892842941904;
574;2.265307523107;
575;2.639565387607;
576;3.015681687520;
577;3.393662572045;
578;-2.509737313808;
579;-2.128243702361;
580;-1.745121761717;
581;-1.360388393907;
582;-0.973984196618;
583;-0.585803858635;
584;-0.195755149361;
585;0.196185765586;
586;0.589956451267;
587;0.985440993889;
588;1.382537438944;
589;1.781220898103;
590;2.181562588042;
591;2.583690525631;
592;2.987712646362;
593;3.393647716551;
594;-2.481776317733;
595;-2.072330850214;
596;-1.661309381863;
597;-1.248714235270;
598;-0.834435827716;
599;-0.418319453057;
600;-0.000265976569;
601;0.419699144630;
602;0.841437210584;
603;1.264785778053;
604;1.689668861546;
605;2.116153360650;
606;2.544408252353;
607;2.974590958676;
608;3.406735726712;
609;-2.442461422005;
610;-2.006822861713;
611;-1.569664602939;
612;-1.130957775862;
613;-0.690528693851;
614;-0.248181204550;
615;0.196158865990;
616;0.642383127367;
617;1.090275005609;
618;1.539670520673;
619;1.990585313218;
620;2.443209284286;
621;2.897765772260;
622;3.354339024503;
623;-2.470382895909;
624;-2.010274394604;
625;-1.548692558016;
626;-1.085595950459;
627;-0.620755940532;
628;-0.153936179199;
629;0.314914630158;
630;0.785613401061;
631;1.257887083833;
632;1.731597955242;
633;2.206863978566;
634;2.683966610330;
635;3.163116933993;
636;-2.638913093506;
637;-2.156021199472;
638;-1.671659775216;
639;-1.185860925883;
640;-0.698386714240;
641;-0.208931673751;
642;0.282607031664;
643;0.776030891314;
644;1.271010404336;
645;1.767381361572;
646;2.265299711109;
647;2.765106583757;
648;3.267018154146;
649;-2.512264859361;
650;-2.006718826663;
651;-1.499787136351;
652;-0.991391368217;
653;-0.481183294859;
654;0.031128171275;
655;0.545493802403;
656;1.061562497429;
657;1.579017849712;
658;2.097891113515;
659;2.618538027628;
660;3.141292823068;
661;-2.617052535620;
662;-2.090493922066;
663;-1.562562459548;
664;-1.033229440032;
665;-0.502113216522;
666;0.031135398807;
667;0.566469848043;
668;1.103486494266;
669;1.641841674924;
670;2.181616428610;
671;2.723238751154;
672;3.267034470558;
673;-2.470310929478;
674;-1.922881660623;
675;-1.374154585453;
676;-0.823936248890;
677;-0.271751404827;
678;0.282637877334;
679;0.838962420023;
680;1.396736481558;
681;1.955800896824;
682;2.516508380630;
683;3.079332262366;
684;-2.638856647325;
685;-2.072122379042;
686;-1.504081474759;
687;-0.934660631300;
688;-0.363359521986;
689;0.210170051654;
690;0.785710321009;
691;1.362725606883;
692;1.940997292901;
693;2.520890372851;
694;3.102922874394;
695;-2.596043872568;
696;-2.010129518348;
697;-1.422953630530;
698;-0.834359219898;
699;-0.243784021692;
700;0.349047287645;
701;0.943774141889;
702;1.539843778545;
703;2.137207405621;
704;2.736387815765;
705;3.337821320405;
706;-2.341887985990;
707;-1.736964985663;
708;-1.130808379079;
709;-0.522967804965;
710;0.087090493541;
711;0.699283887012;
712;1.313014219668;
713;1.927956247332;
714;2.544493860453;
