0;-0.042240637304;
1;-0.024311401498;
2;0.002445339363;
3;0.003864209637;
4;-0.000666774327;
5;-0.000299225334;
6;0.000095952690;
7;0.000062636117;
8;0.000058905673;
9;0.000054879423;
10;0.000051789547;
11;0.000050004547;
12;0.000049949581;
13;0.000051521050;
14;0.000054611434;
15;0.000058496927;
16;0.000062302289;
17;0.000064709203;
18;0.000064827815;
19;0.000062635856;
20;0.000058905673;
21;0.000054879423;
22;0.000051789547;
23;0.000050004547;
24;0.000049949581;
25;0.000051521050;
26;0.000054611434;
27;0.000058496927;
28;0.000062302289;
29;0.000064709203;
30;0.000064827815;
31;0.000062635856;
32;0.000058905673;
33;0.000054879423;
34;0.000051789547;
35;0.000050004547;
36;0.000049949581;
37;0.000051521050;
38;0.000054611434;
39;0.000058496927;
40;0.000062302289;
41;0.000064709203;
42;0.000064827815;
43;0.000062635856;
44;0.000058905673;
45;0.000054879423;
46;0.000051789547;
47;0.000050004547;
48;0.000049949581;
49;0.000051521050;
50;0.000054611434;
51;0.000058496927;
52;0.000062302289;
53;0.000064709203;
54;0.000064827815;
55;0.000062635856;
56;0.000058905673;
57;0.000054879423;
58;0.000051789547;
59;0.000050004547;
60;0.000049949581;
61;0.000051521050;
62;0.000054611434;
63;0.000058496927;
64;0.000062302289;
65;0.000064709203;
66;0.000064827815;
67;0.000062635856;
68;0.000058905673;
69;0.000054879423;
70;0.000051789547;
71;0.000050004547;
72;0.000049949581;
73;0.000051521050;
74;0.000054611434;
75;0.000058496927;
76;0.000062302289;
77;0.000064709203;
78;0.000064827815;
79;0.000062635856;
80;0.000058905673;
81;0.000054879423;
82;0.000051789547;
83;0.000050004547;
84;0.000049949581;
85;0.000051521050;
86;0.000054611434;
87;0.000058496927;
88;0.000062302289;
89;0.000064709203;
90;0.000064827815;
91;0.000062635856;
92;0.000058905673;
93;0.000054879423;
94;0.000051789547;
95;0.000050004547;
96;0.000049949581;
97;0.000051521050;
98;0.000054611434;
99;0.000058496927;
100;0.000062302289;
101;0.000064709203;
102;0.000064827815;
103;0.000062635856;
104;0.000058905673;
105;0.000054879423;
106;0.000051789547;
107;0.000050004547;
108;0.000049949581;
109;0.000051521050;
110;0.000054611434;
111;0.000058496927;
112;0.000062302289;
113;0.000064709203;
114;0.000064827815;
115;0.000062635856;
116;0.000058905673;
117;0.000054879423;
118;0.000051789547;
119;0.000050004547;
120;0.000049949581;
121;0.000051521050;
122;0.000054611434;
123;0.000058496927;
124;0.000062302289;
125;0.000064709203;
126;0.000064827815;
127;0.000062635856;
128;0.000058905673;
129;0.000054879423;
130;0.000051789547;
131;0.000050004547;
132;0.000049949581;
133;0.000051521050;
134;0.000054611434;
135;0.000058496927;
136;0.000062302289;
137;0.000064709203;
138;0.000064827815;
139;0.000062635856;
140;0.000058905673;
141;0.000054879423;
142;0.000051789547;
143;0.000050004547;
144;0.000049949581;
145;0.000051521050;
146;0.000054611434;
147;0.000058496927;
148;0.000062302289;
149;0.000064709203;
150;0.000064827815;
151;0.000062635856;
152;0.000058905673;
153;0.000054879423;
154;0.000051789547;
155;0.000050004547;
156;0.000049949581;
157;0.000051521050;
158;0.000054611434;
159;0.000058496927;
160;0.000062302289;
161;0.000064709203;
162;0.000064827815;
163;0.000062635856;
164;0.000058905673;
165;0.000054879423;
166;0.000051789547;
167;0.000050004547;
168;0.000049949581;
169;0.000051521050;
170;0.000054611434;
171;0.000058496927;
172;0.000062302289;
173;0.000064709203;
174;0.000064827815;
175;0.000062635856;
176;0.000058905673;
177;0.000054879423;
178;0.000051789547;
179;0.000050004547;
180;0.000049949581;
181;0.000051521050;
182;0.000054611434;
183;0.000058496927;
184;0.000062302289;
185;0.000064709203;
186;0.000064827815;
187;0.000062635856;
188;0.000058905673;
189;0.000054879423;
190;0.000051789547;
191;0.000050004547;
192;0.000049949581;
193;0.000051521050;
194;0.000054611434;
195;0.000058496927;
196;0.000062302289;
197;0.000064709203;
198;0.000064827815;
199;0.000062635856;
200;0.000058905673;
201;0.000054879423;
202;0.000051789547;
203;0.000050004547;
204;0.000049949581;
205;0.000051521050;
206;0.000054611434;
207;0.000058496927;
208;0.000062302289;
209;0.000064709203;
210;0.000064827815;
211;0.000062635856;
212;0.000058905673;
213;0.000054879423;
214;0.000051789547;
215;0.000050004547;
216;0.000049949581;
217;0.000051521050;
218;0.000054611434;
219;0.000058496927;
220;0.000062302289;
221;0.000064709203;
222;0.000064827815;
223;0.000062635856;
224;0.000058905673;
225;0.000054879423;
226;0.000051789547;
227;0.000050004547;
228;0.000049949581;
229;0.000051521050;
230;0.000054611434;
231;0.000058496927;
232;0.000062302289;
233;0.000064709203;
234;0.000064827815;
235;0.000062635856;
236;0.000058905673;
237;0.000054879423;
238;0.000051789547;
239;0.000050004547;
240;0.000049949581;
241;0.000051521050;
242;0.000054611434;
243;0.000058496927;
244;0.000062302289;
245;0.000064709203;
246;0.000064827815;
247;0.000062635856;
248;0.000058905673;
249;0.000054879423;
250;0.000051789547;
251;0.000050004547;
252;0.000049949581;
253;0.000051521050;
254;0.000054611434;
255;0.000058496927;
256;0.000062302289;
257;0.000064709203;
258;0.000064827815;
259;0.000062635856;
260;0.000058905673;
261;0.000054879423;
262;0.000051789547;
263;0.000050004547;
264;0.000049949581;
265;0.000051521050;
266;0.000054611434;
267;0.000058496927;
268;0.000062302289;
269;0.000064709203;
270;0.000064827815;
271;0.000062635856;
272;0.000058905673;
273;0.000054879423;
274;0.000051789547;
275;0.000050004547;
276;0.000049949581;
277;0.000051521050;
278;0.000054611434;
279;0.000058496927;
280;0.000062302289;
281;0.000064709203;
282;0.000064827815;
283;0.000062635856;
284;0.000058905673;
285;0.000054879423;
286;0.000051789547;
287;0.000050004547;
288;0.000049949581;
289;0.000051521050;
290;0.000054611434;
291;0.000058496927;
292;0.000062302289;
293;0.000064709203;
294;0.000064827815;
295;0.000062635856;
296;0.000058905673;
297;0.000054879423;
298;0.000051789547;
299;0.000050004547;
300;0.000049949581;
301;0.000051521050;
302;0.000054611434;
303;0.000058496927;
304;0.000062302289;
305;0.000064709203;
306;0.000064827815;
307;0.000062635856;
308;0.000058905673;
309;0.000054879423;
310;0.000051789547;
311;0.000050004547;
312;0.000049949581;
313;0.000051521050;
314;0.000054611434;
315;0.000058496927;
316;0.000062302289;
317;0.000064709203;
318;0.000064827815;
319;0.000062635856;
320;0.000058905673;
321;0.000054879423;
322;0.000051789547;
323;0.000050004547;
324;0.000049949581;
325;0.000051521050;
326;0.000054611434;
327;0.000058496927;
328;0.000062302289;
329;0.000064709203;
330;0.000064827815;
331;0.000062635856;
332;0.000058905673;
333;0.000054879423;
334;0.000051789547;
335;0.000050004547;
336;0.000049949581;
337;0.000051521050;
338;0.000054611434;
339;0.000058496927;
340;0.000062302289;
341;0.000064709203;
342;0.000064827815;
343;0.000062635856;
344;0.000058905673;
345;0.000054879423;
346;0.000051789547;
347;0.000050004547;
348;0.000049949581;
349;0.000051521050;
350;0.000054611434;
351;0.000058496927;
352;0.000062302289;
353;0.000064709203;
354;0.000064827815;
355;0.000062635856;
356;0.000058905673;
357;0.000054879423;
358;0.000051789547;
359;0.000050004547;
360;0.000049949581;
361;0.000051521050;
362;0.000054611434;
363;0.000058496927;
364;0.000062302289;
365;0.000064709203;
366;0.000064827815;
367;0.000062635856;
368;0.000058905673;
369;0.000054879423;
370;0.000051789547;
371;0.000050004547;
372;0.000049949581;
373;0.000051521050;
374;0.000054611434;
375;0.000058496927;
376;0.000062302289;
377;0.000064709203;
378;0.000064827815;
379;0.000062635856;
380;0.000058905673;
381;0.000054879423;
382;0.000051789547;
383;0.000050004547;
384;0.000049949581;
385;0.000051521050;
386;0.000054611434;
387;0.000058496927;
388;0.000062302289;
389;0.000064709203;
390;0.000064827815;
391;0.000062635856;
392;0.000058905673;
393;0.000054879423;
394;0.000051789547;
395;0.000050004547;
396;0.000049949581;
397;0.000051521050;
398;0.000054611434;
399;0.000058496927;
400;0.000062302289;
401;0.000064709203;
402;0.000064827815;
403;0.000062635856;
404;0.000058905673;
405;0.000054879423;
406;0.000051789547;
407;0.000050004547;
408;0.000049949581;
409;0.000051521050;
410;0.000054611434;
411;0.000058496927;
412;0.000062302289;
413;0.000064709203;
414;0.000064827815;
415;0.000062635856;
416;0.000058905673;
417;0.000054879423;
418;0.000051789547;
419;0.000050004547;
420;0.000049949581;
421;0.000051521050;
422;0.000054611434;
423;0.000058496927;
424;0.000062302289;
425;0.000064709203;
426;0.000064827815;
427;0.000062635856;
428;0.000058905673;
429;0.000054879423;
430;0.000051789547;
431;0.000050004547;
432;0.000049949581;
433;0.000051521050;
434;0.000054611434;
435;0.000058496927;
436;0.000062302289;
437;0.000064709203;
438;0.000064827815;
439;0.000062635856;
440;0.000058905673;
441;0.000054879423;
442;0.000051789547;
443;0.000050004547;
444;0.000049949581;
445;0.000051521050;
446;0.000054611434;
447;0.000058496927;
448;0.000062302289;
449;0.000064709203;
450;0.000064827815;
451;0.000062635856;
452;0.000058905673;
453;0.000054879423;
454;0.000051789547;
455;0.000050004547;
456;0.000049949581;
457;0.000051521050;
458;0.000054611434;
459;0.000058496927;
460;0.000062302289;
461;0.000064709203;
462;0.000064827815;
463;0.000062635856;
464;0.000058905673;
465;0.000054879423;
466;0.000051789547;
467;0.000050004547;
468;0.000049949581;
469;0.000051521050;
470;0.000054611434;
471;0.000058496927;
472;0.000062302289;
473;0.000064709203;
474;0.000064827815;
475;0.000062635856;
476;0.000058905673;
477;0.000054879423;
478;0.000051789547;
479;0.000050004547;
480;0.000049949581;
481;0.000051521050;
482;0.000054611434;
483;0.000058496927;
484;0.000062302289;
485;0.000064709203;
486;0.000064827815;
487;0.000062635856;
488;0.000058905673;
489;0.000054879423;
490;0.000051789547;
491;0.000050004547;
492;0.000049949581;
493;0.000051521050;
494;0.000054611434;
495;0.000058496927;
496;0.000062302289;
497;0.000064709203;
498;0.000064827815;
499;0.000062635856;
500;0.000058905673;
501;0.000054879423;
502;0.000051789547;
503;0.000050004547;
504;0.000049949581;
505;0.000051521050;
506;0.000054611434;
507;0.000058496927;
508;0.000062302289;
509;0.000064709203;
510;0.000064827815;
511;0.000062635856;
512;0.000058905673;
513;0.000054879423;
514;0.000051789547;
515;0.000050004547;
516;0.000049949581;
517;0.000051521050;
518;0.000054611434;
519;0.000058496927;
520;0.000062302289;
521;0.000064709203;
522;0.000064827815;
523;0.000062635856;
524;0.000058905673;
525;0.000054879423;
526;0.000051789547;
527;0.000050004547;
528;0.000049949581;
529;0.000051521050;
530;0.000054611434;
531;0.000058496927;
532;0.000062302289;
533;0.000064709203;
534;0.000064827815;
535;0.000062635856;
536;0.000058905673;
537;0.000054879423;
538;0.000051789547;
539;0.000050004547;
540;0.000049949581;
541;0.000051521050;
542;0.000054611434;
543;0.000058496927;
544;0.000062302289;
545;0.000064709203;
546;0.000064827815;
547;0.000062635856;
548;0.000058905673;
549;0.000054879423;
550;0.000051789547;
551;0.000050004547;
552;0.000049949581;
553;0.000051521050;
554;0.000054611434;
555;0.000058496927;
556;0.000062302289;
557;0.000064709203;
558;0.000064827815;
559;0.000062635856;
560;0.000058905673;
561;0.000054879423;
562;0.000051789547;
563;0.000050004547;
564;0.000049949581;
565;0.000051521050;
566;0.000054611434;
567;0.000058496927;
568;0.000062302289;
569;0.000064709203;
570;0.000064827815;
571;0.000062635856;
572;0.000058905673;
573;0.000054879423;
574;0.000051789547;
575;0.000050004547;
576;0.000049949581;
577;0.000051521050;
578;0.000054611434;
579;0.000058496927;
580;0.000062302289;
581;0.000064709203;
582;0.000064827815;
583;0.000062635856;
584;0.000058905673;
585;0.000054879423;
586;0.000051789547;
587;0.000050004547;
588;0.000049949581;
589;0.000051521050;
590;0.000054611434;
591;0.000058496927;
592;0.000062302289;
593;0.000064709203;
594;0.000064827815;
595;0.000062635856;
596;0.000058905673;
597;0.000054879423;
598;0.000051789547;
599;0.000050004547;
600;0.000049949581;
601;0.000051521050;
602;0.000054611434;
603;0.000058496927;
604;0.000062302289;
605;0.000064709203;
606;0.000064827815;
607;0.000062635856;
608;0.000058905673;
609;0.000054879423;
610;0.000051789547;
611;0.000050004547;
612;0.000049949581;
613;0.000051521050;
614;0.000054611434;
615;0.000058496927;
616;0.000062302289;
617;0.000064709203;
618;0.000064827815;
619;0.000062635856;
620;0.000058905673;
621;0.000054879423;
622;0.000051789547;
623;0.000050004547;
624;0.000049949581;
625;0.000051521050;
626;0.000054611434;
627;0.000058496927;
628;0.000062302289;
629;0.000064709203;
630;0.000064827815;
631;0.000062635856;
632;0.000058905673;
633;0.000054879423;
634;0.000051789547;
635;0.000050004547;
636;0.000049949581;
637;0.000051521050;
638;0.000054611434;
639;0.000058496927;
640;0.000062302289;
641;0.000064709203;
642;0.000064827815;
643;0.000062635856;
644;0.000058905673;
645;0.000054879423;
646;0.000051789547;
647;0.000050004547;
648;0.000049949581;
649;0.000051521050;
650;0.000054611434;
651;0.000058496927;
652;0.000062302289;
653;0.000064709203;
654;0.000064827815;
655;0.000062635856;
656;0.000058905673;
657;0.000054879423;
658;0.000051789547;
659;0.000050004547;
660;0.000049949581;
661;0.000051521050;
662;0.000054611434;
663;0.000058496927;
664;0.000062302289;
665;0.000064709203;
666;0.000064827815;
667;0.000062635856;
668;0.000058905673;
669;0.000054879423;
670;0.000051789547;
671;0.000050004547;
672;0.000049949581;
673;0.000051521050;
674;0.000054611434;
675;0.000058496927;
676;0.000062302289;
677;0.000064709203;
678;0.000064827815;
679;0.000062635856;
680;0.000058905673;
681;0.000054879423;
682;0.000051789547;
683;0.000050004547;
684;0.000049949581;
685;0.000051521050;
686;0.000054611434;
687;0.000058496927;
688;0.000062302289;
689;0.000064709203;
690;0.000064827815;
691;0.000062635856;
692;0.000058905673;
693;0.000054879423;
694;0.000051789547;
695;0.000050004547;
696;0.000049949581;
697;0.000051521050;
698;0.000054611434;
699;0.000058496927;
700;0.000062302289;
701;0.000064709203;
702;0.000064827815;
703;0.000062635856;
704;0.000058905673;
705;0.000054879423;
706;0.000051789547;
707;0.000050004547;
708;0.000049949581;
709;0.000051521050;
710;0.000054611434;
711;0.000058496927;
712;0.000062302289;
713;0.000064709203;
714;0.000064827815;
