0;0.038397160216;
1;-0.070652382340;
2;-0.066611251665;
3;-0.001531699166;
4;0.052049651964;
5;0.086436712962;
6;0.099687426714;
7;0.086425359302;
8;0.050005256016;
9;0.000215077943;
10;-0.049616921779;
11;-0.086152533757;
12;-0.099589106732;
13;-0.086312205559;
14;-0.049892488029;
15;-0.000102462195;
16;0.049729807061;
17;0.086265653524;
18;0.099702371543;
19;0.086425359344;
20;0.050005256016;
21;0.000215077943;
22;-0.049616921779;
23;-0.086152533757;
24;-0.099589106732;
25;-0.086312205559;
26;-0.049892488029;
27;-0.000102462195;
28;0.049729807061;
29;0.086265653524;
30;0.099702371543;
31;0.086425359344;
32;0.050005256016;
33;0.000215077943;
34;-0.049616921779;
35;-0.086152533757;
36;-0.099589106732;
37;-0.086312205559;
38;-0.049892488029;
39;-0.000102462195;
40;0.049729807061;
41;0.086265653524;
42;0.099702371543;
43;0.086425359344;
44;0.050005256016;
45;0.000215077943;
46;-0.049616921779;
47;-0.086152533757;
48;-0.099589106732;
49;-0.086312205559;
50;-0.049892488029;
51;-0.000102462195;
52;0.049729807061;
53;0.086265653524;
54;0.099702371543;
55;0.086425359344;
56;0.050005256016;
57;0.000215077943;
58;-0.049616921779;
59;-0.086152533757;
60;-0.099589106732;
61;-0.086312205559;
62;-0.049892488029;
63;-0.000102462195;
64;0.049729807061;
65;0.086265653524;
66;0.099702371543;
67;0.086425359344;
68;0.050005256016;
69;0.000215077943;
70;-0.049616921779;
71;-0.086152533757;
72;-0.099589106732;
73;-0.086312205559;
74;-0.049892488029;
75;-0.000102462195;
76;0.049729807061;
77;0.086265653524;
78;0.099702371543;
79;0.086425359344;
80;0.050005256016;
81;0.000215077943;
82;-0.049616921779;
83;-0.086152533757;
84;-0.099589106732;
85;-0.086312205559;
86;-0.049892488029;
87;-0.000102462195;
88;0.049729807061;
89;0.086265653524;
90;0.099702371543;
91;0.086425359344;
92;0.050005256016;
93;0.000215077943;
94;-0.049616921779;
95;-0.086152533757;
96;-0.099589106732;
97;-0.086312205559;
98;-0.049892488029;
99;-0.000102462195;
100;0.049729807061;
101;0.086265653524;
102;0.099702371543;
103;0.086425359344;
104;0.050005256016;
105;0.000215077943;
106;-0.049616921779;
107;-0.086152533757;
108;-0.099589106732;
109;-0.086312205559;
110;-0.049892488029;
111;-0.000102462195;
112;0.049729807061;
113;0.086265653524;
114;0.099702371543;
115;0.086425359344;
116;0.050005256016;
117;0.000215077943;
118;-0.049616921779;
119;-0.086152533757;
120;-0.099589106732;
121;-0.086312205559;
122;-0.049892488029;
123;-0.000102462195;
124;0.049729807061;
125;0.086265653524;
126;0.099702371543;
127;0.086425359344;
128;0.050005256016;
129;0.000215077943;
130;-0.049616921779;
131;-0.086152533757;
132;-0.099589106732;
133;-0.086312205559;
134;-0.049892488029;
135;-0.000102462195;
136;0.049729807061;
137;0.086265653524;
138;0.099702371543;
139;0.086425359344;
140;0.050005256016;
141;0.000215077943;
142;-0.049616921779;
143;-0.086152533757;
144;-0.099589106732;
145;-0.086312205559;
146;-0.049892488029;
147;-0.000102462195;
148;0.049729807061;
149;0.086265653524;
150;0.099702371543;
151;0.086425359344;
152;0.050005256016;
153;0.000215077943;
154;-0.049616921779;
155;-0.086152533757;
156;-0.099589106732;
157;-0.086312205559;
158;-0.049892488029;
159;-0.000102462195;
160;0.049729807061;
161;0.086265653524;
162;0.099702371543;
163;0.086425359344;
164;0.050005256016;
165;0.000215077943;
166;-0.049616921779;
167;-0.086152533757;
168;-0.099589106732;
169;-0.086312205559;
170;-0.049892488029;
171;-0.000102462195;
172;0.049729807061;
173;0.086265653524;
174;0.099702371543;
175;0.086425359344;
176;0.050005256016;
177;0.000215077943;
178;-0.049616921779;
179;-0.086152533757;
180;-0.099589106732;
181;-0.086312205559;
182;-0.049892488029;
183;-0.000102462195;
184;0.049729807061;
185;0.086265653524;
186;0.099702371543;
187;0.086425359344;
188;0.050005256016;
189;0.000215077943;
190;-0.049616921779;
191;-0.086152533757;
192;-0.099589106732;
193;-0.086312205559;
194;-0.049892488029;
195;-0.000102462195;
196;0.049729807061;
197;0.086265653524;
198;0.099702371543;
199;0.086425359344;
200;0.050005256016;
201;0.000215077943;
202;-0.049616921779;
203;-0.086152533757;
204;-0.099589106732;
205;-0.086312205559;
206;-0.049892488029;
207;-0.000102462195;
208;0.049729807061;
209;0.086265653524;
210;0.099702371543;
211;0.086425359344;
212;0.050005256016;
213;0.000215077943;
214;-0.049616921779;
215;-0.086152533757;
216;-0.099589106732;
217;-0.086312205559;
218;-0.049892488029;
219;-0.000102462195;
220;0.049729807061;
221;0.086265653524;
222;0.099702371543;
223;0.086425359344;
224;0.050005256016;
225;0.000215077943;
226;-0.049616921779;
227;-0.086152533757;
228;-0.099589106732;
229;-0.086312205559;
230;-0.049892488029;
231;-0.000102462195;
232;0.049729807061;
233;0.086265653524;
234;0.099702371543;
235;0.086425359344;
236;0.050005256016;
237;0.000215077943;
238;-0.049616921779;
239;-0.086152533757;
240;-0.099589106732;
241;-0.086312205559;
242;-0.049892488029;
243;-0.000102462195;
244;0.049729807061;
245;0.086265653524;
246;0.099702371543;
247;0.086425359344;
248;0.050005256016;
249;0.000215077943;
250;-0.049616921779;
251;-0.086152533757;
252;-0.099589106732;
253;-0.086312205559;
254;-0.049892488029;
255;-0.000102462195;
256;0.049729807061;
257;0.086265653524;
258;0.099702371543;
259;0.086425359344;
260;0.050005256016;
261;0.000215077943;
262;-0.049616921779;
263;-0.086152533757;
264;-0.099589106732;
265;-0.086312205559;
266;-0.049892488029;
267;-0.000102462195;
268;0.049729807061;
269;0.086265653524;
270;0.099702371543;
271;0.086425359344;
272;0.050005256016;
273;0.000215077943;
274;-0.049616921779;
275;-0.086152533757;
276;-0.099589106732;
277;-0.086312205559;
278;-0.049892488029;
279;-0.000102462195;
280;0.049729807061;
281;0.086265653524;
282;0.099702371543;
283;0.086425359344;
284;0.050005256016;
285;0.000215077943;
286;-0.049616921779;
287;-0.086152533757;
288;-0.099589106732;
289;-0.086312205559;
290;-0.049892488029;
291;-0.000102462195;
292;0.049729807061;
293;0.086265653524;
294;0.099702371543;
295;0.086425359344;
296;0.050005256016;
297;0.000215077943;
298;-0.049616921779;
299;-0.086152533757;
300;-0.099589106732;
301;-0.086312205559;
302;-0.049892488029;
303;-0.000102462195;
304;0.049729807061;
305;0.086265653524;
306;0.099702371543;
307;0.086425359344;
308;0.050005256016;
309;0.000215077943;
310;-0.049616921779;
311;-0.086152533757;
312;-0.099589106732;
313;-0.086312205559;
314;-0.049892488029;
315;-0.000102462195;
316;0.049729807061;
317;0.086265653524;
318;0.099702371543;
319;0.086425359344;
320;0.050005256016;
321;0.000215077943;
322;-0.049616921779;
323;-0.086152533757;
324;-0.099589106732;
325;-0.086312205559;
326;-0.049892488029;
327;-0.000102462195;
328;0.049729807061;
329;0.086265653524;
330;0.099702371543;
331;0.086425359344;
332;0.050005256016;
333;0.000215077943;
334;-0.049616921779;
335;-0.086152533757;
336;-0.099589106732;
337;-0.086312205559;
338;-0.049892488029;
339;-0.000102462195;
340;0.049729807061;
341;0.086265653524;
342;0.099702371543;
343;0.086425359344;
344;0.050005256016;
345;0.000215077943;
346;-0.049616921779;
347;-0.086152533757;
348;-0.099589106732;
349;-0.086312205559;
350;-0.049892488029;
351;-0.000102462195;
352;0.049729807061;
353;0.086265653524;
354;0.099702371543;
355;0.086425359344;
356;0.050005256016;
357;0.000215077943;
358;-0.049616921779;
359;-0.086152533757;
360;-0.099589106732;
361;-0.086312205559;
362;-0.049892488029;
363;-0.000102462195;
364;0.049729807061;
365;0.086265653524;
366;0.099702371543;
367;0.086425359344;
368;0.050005256016;
369;0.000215077943;
370;-0.049616921779;
371;-0.086152533757;
372;-0.099589106732;
373;-0.086312205559;
374;-0.049892488029;
375;-0.000102462195;
376;0.049729807061;
377;0.086265653524;
378;0.099702371543;
379;0.086425359344;
380;0.050005256016;
381;0.000215077943;
382;-0.049616921779;
383;-0.086152533757;
384;-0.099589106732;
385;-0.086312205559;
386;-0.049892488029;
387;-0.000102462195;
388;0.049729807061;
389;0.086265653524;
390;0.099702371543;
391;0.086425359344;
392;0.050005256016;
393;0.000215077943;
394;-0.049616921779;
395;-0.086152533757;
396;-0.099589106732;
397;-0.086312205559;
398;-0.049892488029;
399;-0.000102462195;
400;0.049729807061;
401;0.086265653524;
402;0.099702371543;
403;0.086425359344;
404;0.050005256016;
405;0.000215077943;
406;-0.049616921779;
407;-0.086152533757;
408;-0.099589106732;
409;-0.086312205559;
410;-0.049892488029;
411;-0.000102462195;
412;0.049729807061;
413;0.086265653524;
414;0.099702371543;
415;0.086425359344;
416;0.050005256016;
417;0.000215077943;
418;-0.049616921779;
419;-0.086152533757;
420;-0.099589106732;
421;-0.086312205559;
422;-0.049892488029;
423;-0.000102462195;
424;0.049729807061;
425;0.086265653524;
426;0.099702371543;
427;0.086425359344;
428;0.050005256016;
429;0.000215077943;
430;-0.049616921779;
431;-0.086152533757;
432;-0.099589106732;
433;-0.086312205559;
434;-0.049892488029;
435;-0.000102462195;
436;0.049729807061;
437;0.086265653524;
438;0.099702371543;
439;0.086425359344;
440;0.050005256016;
441;0.000215077943;
442;-0.049616921779;
443;-0.086152533757;
444;-0.099589106732;
445;-0.086312205559;
446;-0.049892488029;
447;-0.000102462195;
448;0.049729807061;
449;0.086265653524;
450;0.099702371543;
451;0.086425359344;
452;0.050005256016;
453;0.000215077943;
454;-0.049616921779;
455;-0.086152533757;
456;-0.099589106732;
457;-0.086312205559;
458;-0.049892488029;
459;-0.000102462195;
460;0.049729807061;
461;0.086265653524;
462;0.099702371543;
463;0.086425359344;
464;0.050005256016;
465;0.000215077943;
466;-0.049616921779;
467;-0.086152533757;
468;-0.099589106732;
469;-0.086312205559;
470;-0.049892488029;
471;-0.000102462195;
472;0.049729807061;
473;0.086265653524;
474;0.099702371543;
475;0.086425359344;
476;0.050005256016;
477;0.000215077943;
478;-0.049616921779;
479;-0.086152533757;
480;-0.099589106732;
481;-0.086312205559;
482;-0.049892488029;
483;-0.000102462195;
484;0.049729807061;
485;0.086265653524;
486;0.099702371543;
487;0.086425359344;
488;0.050005256016;
489;0.000215077943;
490;-0.049616921779;
491;-0.086152533757;
492;-0.099589106732;
493;-0.086312205559;
494;-0.049892488029;
495;-0.000102462195;
496;0.049729807061;
497;0.086265653524;
498;0.099702371543;
499;0.086425359344;
500;0.050005256016;
501;0.000215077943;
502;-0.049616921779;
503;-0.086152533757;
504;-0.099589106732;
505;-0.086312205559;
506;-0.049892488029;
507;-0.000102462195;
508;0.049729807061;
509;0.086265653524;
510;0.099702371543;
511;0.086425359344;
512;0.050005256016;
513;0.000215077943;
514;-0.049616921779;
515;-0.086152533757;
516;-0.099589106732;
517;-0.086312205559;
518;-0.049892488029;
519;-0.000102462195;
520;0.049729807061;
521;0.086265653524;
522;0.099702371543;
523;0.086425359344;
524;0.050005256016;
525;0.000215077943;
526;-0.049616921779;
527;-0.086152533757;
528;-0.099589106732;
529;-0.086312205559;
530;-0.049892488029;
531;-0.000102462195;
532;0.049729807061;
533;0.086265653524;
534;0.099702371543;
535;0.086425359344;
536;0.050005256016;
537;0.000215077943;
538;-0.049616921779;
539;-0.086152533757;
540;-0.099589106732;
541;-0.086312205559;
542;-0.049892488029;
543;-0.000102462195;
544;0.049729807061;
545;0.086265653524;
546;0.099702371543;
547;0.086425359344;
548;0.050005256016;
549;0.000215077943;
550;-0.049616921779;
551;-0.086152533757;
552;-0.099589106732;
553;-0.086312205559;
554;-0.049892488029;
555;-0.000102462195;
556;0.049729807061;
557;0.086265653524;
558;0.099702371543;
559;0.086425359344;
560;0.050005256016;
561;0.000215077943;
562;-0.049616921779;
563;-0.086152533757;
564;-0.099589106732;
565;-0.086312205559;
566;-0.049892488029;
567;-0.000102462195;
568;0.049729807061;
569;0.086265653524;
570;0.099702371543;
571;0.086425359344;
572;0.050005256016;
573;0.000215077943;
574;-0.049616921779;
575;-0.086152533757;
576;-0.099589106732;
577;-0.086312205559;
578;-0.049892488029;
579;-0.000102462195;
580;0.049729807061;
581;0.086265653524;
582;0.099702371543;
583;0.086425359344;
584;0.050005256016;
585;0.000215077943;
586;-0.049616921779;
587;-0.086152533757;
588;-0.099589106732;
589;-0.086312205559;
590;-0.049892488029;
591;-0.000102462195;
592;0.049729807061;
593;0.086265653524;
594;0.099702371543;
595;0.086425359344;
596;0.050005256016;
597;0.000215077943;
598;-0.049616921779;
599;-0.086152533757;
600;-0.099589106732;
601;-0.086312205559;
602;-0.049892488029;
603;-0.000102462195;
604;0.049729807061;
605;0.086265653524;
606;0.099702371543;
607;0.086425359344;
608;0.050005256016;
609;0.000215077943;
610;-0.049616921779;
611;-0.086152533757;
612;-0.099589106732;
613;-0.086312205559;
614;-0.049892488029;
615;-0.000102462195;
616;0.049729807061;
617;0.086265653524;
618;0.099702371543;
619;0.086425359344;
620;0.050005256016;
621;0.000215077943;
622;-0.049616921779;
623;-0.086152533757;
624;-0.099589106732;
625;-0.086312205559;
626;-0.049892488029;
627;-0.000102462195;
628;0.049729807061;
629;0.086265653524;
630;0.099702371543;
631;0.086425359344;
632;0.050005256016;
633;0.000215077943;
634;-0.049616921779;
635;-0.086152533757;
636;-0.099589106732;
637;-0.086312205559;
638;-0.049892488029;
639;-0.000102462195;
640;0.049729807061;
641;0.086265653524;
642;0.099702371543;
643;0.086425359344;
644;0.050005256016;
645;0.000215077943;
646;-0.049616921779;
647;-0.086152533757;
648;-0.099589106732;
649;-0.086312205559;
650;-0.049892488029;
651;-0.000102462195;
652;0.049729807061;
653;0.086265653524;
654;0.099702371543;
655;0.086425359344;
656;0.050005256016;
657;0.000215077943;
658;-0.049616921779;
659;-0.086152533757;
660;-0.099589106732;
661;-0.086312205559;
662;-0.049892488029;
663;-0.000102462195;
664;0.049729807061;
665;0.086265653524;
666;0.099702371543;
667;0.086425359344;
668;0.050005256016;
669;0.000215077943;
670;-0.049616921779;
671;-0.086152533757;
672;-0.099589106732;
673;-0.086312205559;
674;-0.049892488029;
675;-0.000102462195;
676;0.049729807061;
677;0.086265653524;
678;0.099702371543;
679;0.086425359344;
680;0.050005256016;
681;0.000215077943;
682;-0.049616921779;
683;-0.086152533757;
684;-0.099589106732;
685;-0.086312205559;
686;-0.049892488029;
687;-0.000102462195;
688;0.049729807061;
689;0.086265653524;
690;0.099702371543;
691;0.086425359344;
692;0.050005256016;
693;0.000215077943;
694;-0.049616921779;
695;-0.086152533757;
696;-0.099589106732;
697;-0.086312205559;
698;-0.049892488029;
699;-0.000102462195;
700;0.049729807061;
701;0.086265653524;
702;0.099702371543;
703;0.086425359344;
704;0.050005256016;
705;0.000215077943;
706;-0.049616921779;
707;-0.086152533757;
708;-0.099589106732;
709;-0.086312205559;
710;-0.049892488029;
711;-0.000102462195;
712;0.049729807061;
713;0.086265653524;
714;0.099702371543;
