0;0.349714973482;
1;0.639058376555;
2;0.706357175426;
3;0.705100366604;
4;0.710369040171;
5;0.706392658309;
6;0.705445558617;
7;0.705468878966;
8;0.705511106728;
9;0.705558025480;
10;0.705588980053;
11;0.705604103279;
12;0.705623435716;
13;0.705660355905;
14;0.705704638117;
15;0.705736327968;
16;0.705751493147;
17;0.705766646628;
18;0.705797208325;
19;0.705838265530;
20;0.705871436008;
21;0.705888121816;
22;0.705899793759;
23;0.705923153568;
24;0.705959574786;
25;0.705994046211;
26;0.706013890218;
27;0.706023922335;
28;0.706040004420;
29;0.706069788146;
30;0.706104023347;
31;0.706128096044;
32;0.706139319923;
33;0.706149580764;
34;0.706170994772;
35;0.706202003417;
36;0.706229735744;
37;0.706245100412;
38;0.706252912997;
39;0.706265874177;
40;0.706290052900;
41;0.706318456831;
42;0.706339323538;
43;0.706349260145;
44;0.706356574601;
45;0.706371707884;
46;0.706395902744;
47;0.706420296643;
48;0.706435854846;
49;0.706442943279;
50;0.706450526604;
51;0.706466324369;
52;0.706488870065;
53;0.706509481774;
54;0.706521555049;
55;0.706527215369;
56;0.706534722029;
57;0.706549796713;
58;0.706570038871;
59;0.706587735316;
60;0.706597801359;
61;0.706602661255;
62;0.706609452350;
63;0.706622839656;
64;0.706640642367;
65;0.706656305127;
66;0.706665425293;
67;0.706669800954;
68;0.706675389206;
69;0.706686477152;
70;0.706701793821;
71;0.706716024998;
72;0.706724947639;
73;0.706729198759;
74;0.706733444171;
75;0.706741878702;
76;0.706754545005;
77;0.706767527146;
78;0.706776692732;
79;0.706781325533;
80;0.706784533231;
81;0.706790306075;
82;0.706800012754;
83;0.706811437206;
84;0.706820885274;
85;0.706826414785;
86;0.706829346345;
87;0.706832922513;
88;0.706839506622;
89;0.706848699251;
90;0.706857875044;
91;0.706864484935;
92;0.706868077127;
93;0.706870524073;
94;0.706874347885;
95;0.706880690779;
96;0.706888531464;
97;0.706895653325;
98;0.706900464708;
99;0.706903142998;
100;0.706905381607;
101;0.706908959530;
102;0.706914419234;
103;0.706920774178;
104;0.706926363070;
105;0.706930145078;
106;0.706932386905;
107;0.706934362500;
108;0.706937346245;
109;0.706941694812;
110;0.706946700502;
111;0.706951185597;
112;0.706954368642;
113;0.706956376109;
114;0.706958068840;
115;0.706960350633;
116;0.706963590667;
117;0.706967403435;
118;0.706971004291;
119;0.706973780600;
120;0.706975662836;
121;0.706977122334;
122;0.706978801406;
123;0.706981075548;
124;0.706983840565;
125;0.706986645283;
126;0.706989018567;
127;0.706990779302;
128;0.706992099864;
129;0.706993372135;
130;0.706994924630;
131;0.706996836617;
132;0.706998896111;
133;0.707000810566;
134;0.707002370426;
135;0.707003566983;
136;0.707004596163;
137;0.707005687361;
138;0.707006978163;
139;0.707008426390;
140;0.707009879566;
141;0.707011159176;
142;0.707012188334;
143;0.707013021585;
144;0.707013801525;
145;0.707014667018;
146;0.707015663920;
147;0.707016738911;
148;0.707017768025;
149;0.707018644646;
150;0.707019331571;
151;0.707019885827;
152;0.707020407843;
153;0.707021005487;
154;0.707021710985;
155;0.707022497055;
156;0.707023264521;
157;0.707023939002;
158;0.707024460987;
159;0.707024849068;
160;0.707025163995;
161;0.707025487596;
162;0.707025878140;
163;0.707026355459;
164;0.707026895999;
165;0.707027443970;
166;0.707027947304;
167;0.707028358889;
168;0.707028660130;
169;0.707028868385;
170;0.707029020846;
171;0.707029165862;
172;0.707029362937;
173;0.707029638111;
174;0.707030005022;
175;0.707030451275;
176;0.707030914875;
177;0.707031328873;
178;0.707031626328;
179;0.707031766337;
180;0.707031762537;
181;0.707031663267;
182;0.707031585054;
183;0.707031635763;
184;0.707031882357;
185;0.707032342198;
186;0.707032956998;
187;0.707033580449;
188;0.707034073708;
189;0.707034306630;
190;0.707034237080;
191;0.707033927020;
192;0.707033518986;
193;0.707033212572;
194;0.707033192540;
195;0.707033546947;
196;0.707034269582;
197;0.707035211624;
198;0.707036158563;
199;0.707036866203;
200;0.707037158568;
201;0.707036981134;
202;0.707036410714;
203;0.707035670385;
204;0.707035031633;
205;0.707034769752;
206;0.707035037311;
207;0.707035872747;
208;0.707037139605;
209;0.707038572489;
210;0.707039847830;
211;0.707040684307;
212;0.707040907219;
213;0.707040480615;
214;0.707039577948;
215;0.707038469365;
216;0.707037520575;
217;0.707037049065;
218;0.707037270684;
219;0.707038247444;
220;0.707039839147;
221;0.707041782814;
222;0.707043699029;
223;0.707045229604;
224;0.707046083375;
225;0.707046132751;
226;0.707045418590;
227;0.707044147754;
228;0.707042674649;
229;0.707041377392;
230;0.707040628050;
231;0.707040677238;
232;0.707041619254;
233;0.707043382099;
234;0.707045723822;
235;0.707048283506;
236;0.707050669402;
237;0.707052503561;
238;0.707053539496;
239;0.707053639711;
240;0.707052863641;
241;0.707051410680;
242;0.707049606666;
243;0.707047843277;
244;0.707046495021;
245;0.707045875770;
246;0.707046186551;
247;0.707047463360;
248;0.707049614322;
249;0.707052404899;
250;0.707055498935;
251;0.707058524477;
252;0.707061124620;
253;0.707063000826;
254;0.707063967349;
255;0.707063972190;
256;0.707063072277;
257;0.707061468222;
258;0.707059441215;
259;0.707057310983;
260;0.707055429644;
261;0.707054094913;
262;0.707053551235;
263;0.707053923995;
264;0.707055251656;
265;0.707057456000;
266;0.707060355825;
267;0.707063699257;
268;0.707067218391;
269;0.707070597114;
270;0.707073561590;
271;0.707075893845;
272;0.707077414321;
273;0.707078064873;
274;0.707077839298;
275;0.707076826731;
276;0.707075179467;
277;0.707073094422;
278;0.707070816928;
279;0.707068580016;
280;0.707066621786;
281;0.707065137024;
282;0.707064288300;
283;0.707064176183;
284;0.707064847854;
285;0.707066280988;
286;0.707068422181;
287;0.707071146081;
288;0.707074317404;
289;0.707077758749;
290;0.707081296495;
291;0.707084750895;
292;0.707087967060;
293;0.707090791391;
294;0.707093121130;
295;0.707094873345;
296;0.707096005972;
297;0.707096507888;
298;0.707096401388;
299;0.707095735994;
300;0.707094585986;
301;0.707093041757;
302;0.707091214776;
303;0.707089205385;
304;0.707087122638;
305;0.707085076859;
306;0.707083168496;
307;0.707081468266;
308;0.707080051864;
309;0.707078982584;
310;0.707078295209;
311;0.707078000946;
312;0.707078118422;
313;0.707078630293;
314;0.707079527865;
315;0.707080782601;
316;0.707082346113;
317;0.707084188601;
318;0.707086250515;
319;0.707088492139;
320;0.707090858897;
321;0.707093301173;
322;0.707095784241;
323;0.707098259749;
324;0.707100696713;
325;0.707103050519;
326;0.707105305066;
327;0.707107423193;
328;0.707109404918;
329;0.707111227954;
330;0.707112879926;
331;0.707114364570;
332;0.707115673226;
333;0.707116815824;
334;0.707117797324;
335;0.707118622695;
336;0.707119291937;
337;0.707119829839;
338;0.707120240118;
339;0.707120540124;
340;0.707120734808;
341;0.707120842759;
342;0.707120873885;
343;0.707120836862;
344;0.707120747794;
345;0.707120611635;
346;0.707120446974;
347;0.707120256289;
348;0.707120049489;
349;0.707119829055;
350;0.707119619771;
351;0.707119403048;
352;0.707119199954;
353;0.707119019165;
354;0.707118853241;
355;0.707118705907;
356;0.707118584597;
357;0.707118499225;
358;0.707118441117;
359;0.707118417708;
360;0.707118427760;
361;0.707118473754;
362;0.707118547010;
363;0.707118661166;
364;0.707118803823;
365;0.707118981181;
366;0.707119185801;
367;0.707119421404;
368;0.707119676833;
369;0.707119955806;
370;0.707120247168;
371;0.707120549681;
372;0.707120850954;
373;0.707121154700;
374;0.707121444814;
375;0.707121716336;
376;0.707121949441;
377;0.707122147850;
378;0.707122295450;
379;0.707122373658;
380;0.707122375040;
381;0.707122281007;
382;0.707122072976;
383;0.707121743510;
384;0.707121277740;
385;0.707120650880;
386;0.707119860447;
387;0.707118892807;
388;0.707117733078;
389;0.707116371338;
390;0.707114810053;
391;0.707113043012;
392;0.707111063999;
393;0.707108899019;
394;0.707106533184;
395;0.707104012330;
396;0.707101336439;
397;0.707098557553;
398;0.707095700457;
399;0.707092808530;
400;0.707089936320;
401;0.707087142105;
402;0.707084470539;
403;0.707081992314;
404;0.707079765735;
405;0.707077862748;
406;0.707076331745;
407;0.707075223593;
408;0.707074589143;
409;0.707074449487;
410;0.707074833126;
411;0.707075730116;
412;0.707077124293;
413;0.707078973446;
414;0.707081218002;
415;0.707083777312;
416;0.707086537273;
417;0.707089388762;
418;0.707092191698;
419;0.707094802312;
420;0.707097068192;
421;0.707098860502;
422;0.707100044219;
423;0.707100506621;
424;0.707100172155;
425;0.707099006128;
426;0.707096998595;
427;0.707094196586;
428;0.707090699164;
429;0.707086638848;
430;0.707082206435;
431;0.707077621277;
432;0.707073116423;
433;0.707068939863;
434;0.707065335921;
435;0.707062509286;
436;0.707060641082;
437;0.707059828097;
438;0.707060111257;
439;0.707061448352;
440;0.707063701656;
441;0.707066670184;
442;0.707070079836;
443;0.707073599541;
444;0.707076888408;
445;0.707079599427;
446;0.707081432752;
447;0.707082160442;
448;0.707081636319;
449;0.707079830638;
450;0.707076842482;
451;0.707072891111;
452;0.707068301148;
453;0.707063465459;
454;0.707058822881;
455;0.707054806166;
456;0.707051786149;
457;0.707050025816;
458;0.707049660388;
459;0.707050670015;
460;0.707052862419;
461;0.707055892793;
462;0.707059322147;
463;0.707062637207;
464;0.707065343412;
465;0.707067021899;
466;0.707067365379;
467;0.707066271030;
468;0.707063811945;
469;0.707060273115;
470;0.707056079598;
471;0.707051770575;
472;0.707047897742;
473;0.707044958345;
474;0.707043298414;
475;0.707043069282;
476;0.707044201501;
477;0.707046392470;
478;0.707049178406;
479;0.707051995177;
480;0.707054279989;
481;0.707055584177;
482;0.707055611556;
483;0.707054315049;
484;0.707051894189;
485;0.707048745579;
486;0.707045403459;
487;0.707042415789;
488;0.707040263652;
489;0.707039229793;
490;0.707039384913;
491;0.707040547979;
492;0.707042335846;
493;0.707044253816;
494;0.707045809723;
495;0.707046605667;
496;0.707046453256;
497;0.707045376054;
498;0.707043621973;
499;0.707041574046;
500;0.707039662446;
501;0.707038242993;
502;0.707037522752;
503;0.707037509174;
504;0.707038023729;
505;0.707038762666;
506;0.707039413563;
507;0.707039712366;
508;0.707039567342;
509;0.707039030561;
510;0.707038300379;
511;0.707037614818;
512;0.707037167280;
513;0.707037028430;
514;0.707037111487;
515;0.707037205696;
516;0.707037076748;
517;0.707036554801;
518;0.707035642329;
519;0.707034543882;
520;0.707033591714;
521;0.707033161480;
522;0.707033482539;
523;0.707034527602;
524;0.707035975549;
525;0.707037267259;
526;0.707037794058;
527;0.707037136948;
528;0.707035274829;
529;0.707032642780;
530;0.707030049087;
531;0.707028419904;
532;0.707028428502;
533;0.707030214960;
534;0.707033239865;
535;0.707036398529;
536;0.707038399234;
537;0.707038247871;
538;0.707035694019;
539;0.707031437929;
540;0.707026920038;
541;0.707023867448;
542;0.707023572246;
543;0.707026304710;
544;0.707031098771;
545;0.707036027658;
546;0.707038918332;
547;0.707038263636;
548;0.707033956890;
549;0.707027465484;
550;0.707021336909;
551;0.707018162678;
552;0.707019430940;
553;0.707024726112;
554;0.707031773862;
555;0.707037311172;
556;0.707038517079;
557;0.707034382726;
558;0.707026315790;
559;0.707017693971;
560;0.707012387052;
561;0.707012922553;
562;0.707019136610;
563;0.707028056465;
564;0.707035151936;
565;0.707036513957;
566;0.707030859834;
567;0.707020369167;
568;0.707009842715;
569;0.707004357082;
570;0.707006668215;
571;0.707015547952;
572;0.707026214308;
573;0.707032620272;
574;0.707030653966;
575;0.707020539419;
576;0.707006936254;
577;0.706996691821;
578;0.706995109499;
579;0.707002871379;
580;0.707015359589;
581;0.707025003635;
582;0.707025446978;
583;0.707015340002;
584;0.706999442193;
585;0.706986125153;
586;0.706982612126;
587;0.706990528078;
588;0.707004618448;
589;0.707015577797;
590;0.707015559934;
591;0.707003156980;
592;0.706984570815;
593;0.706970167083;
594;0.706968054066;
595;0.706978787379;
596;0.706994582226;
597;0.707004016540;
598;0.706999281955;
599;0.706981581083;
600;0.706960723224;
601;0.706948997186;
602;0.706952950749;
603;0.706968657072;
604;0.706983902903;
605;0.706986271080;
606;0.706971772678;
607;0.706948031736;
608;0.706929424666;
609;0.706927150525;
610;0.706941020602;
611;0.706959093287;
612;0.706965877151;
613;0.706953523127;
614;0.706927962121;
615;0.706905065400;
616;0.706899184800;
617;0.706912228674;
618;0.706931684847;
619;0.706939639154;
620;0.706926365975;
621;0.706898172910;
622;0.706873150835;
623;0.706867373071;
624;0.706882057005;
625;0.706902013252;
626;0.706907255054;
627;0.706888962404;
628;0.706857094166;
629;0.706832925975;
630;0.706831889882;
631;0.706850507725;
632;0.706868618618;
633;0.706865795512;
634;0.706838633319;
635;0.706804263382;
636;0.706786350709;
637;0.706794831992;
638;0.706816771286;
639;0.706826952221;
640;0.706809693953;
641;0.706773100358;
642;0.706742577688;
643;0.706738578367;
644;0.706757890997;
645;0.706775810450;
646;0.706768130898;
647;0.706733452868;
648;0.706695205722;
649;0.706680526128;
650;0.706694851254;
651;0.706716115904;
652;0.706714932257;
653;0.706682518131;
654;0.706639732992;
655;0.706617732483;
656;0.706627893507;
657;0.706650039149;
658;0.706651510511;
659;0.706619227491;
660;0.706573274350;
661;0.706547639013;
662;0.706556221827;
663;0.706578163868;
664;0.706578247261;
665;0.706542775194;
666;0.706494254738;
667;0.706468930754;
668;0.706479178510;
669;0.706499849344;
670;0.706494003046;
671;0.706451933494;
672;0.706402210805;
673;0.706381855692;
674;0.706396393018;
675;0.706413108162;
676;0.706396005912;
677;0.706345356152;
678;0.706298230990;
679;0.706288029390;
680;0.706306972896;
681;0.706313955351;
682;0.706280396770;
683;0.706223001749;
684;0.706185620005;
685;0.706189336782;
686;0.706207558888;
687;0.706196036881;
688;0.706144217865;
689;0.706088337946;
690;0.706069490888;
691;0.706084879157;
692;0.706090297275;
693;0.706052474830;
694;0.705989399596;
695;0.705949450498;
696;0.705952907852;
697;0.705966576232;
698;0.705943767509;
699;0.705881892142;
700;0.705826424358;
701;0.705814813486;
702;0.705829200755;
703;0.705818110270;
704;0.705761328019;
705;0.705696156017;
706;0.705670477891;
707;0.705681119732;
708;0.705677184569;
709;0.705625673830;
710;0.705554897620;
711;0.705518132134;
712;0.705523525400;
713;0.705522623301;
714;0.705474327440;
