0;0.414787398657;
1;0.727024716959;
2;0.779561388694;
3;0.710113081178;
4;0.666963207171;
5;0.646063881769;
6;0.637372149887;
7;0.646717287274;
8;0.672248678684;
9;0.707125202347;
10;0.742001729851;
11;0.767533124570;
12;0.776878259617;
13;0.767533124570;
14;0.742001729851;
15;0.707125202347;
16;0.672248678684;
17;0.646717287274;
18;0.637372149887;
19;0.646717287274;
20;0.672248678684;
21;0.707125202347;
22;0.742001729851;
23;0.767533124570;
24;0.776878259617;
25;0.767533124570;
26;0.742001729851;
27;0.707125202347;
28;0.672248678684;
29;0.646717287274;
30;0.637372149887;
31;0.646717287274;
32;0.672248678684;
33;0.707125202347;
34;0.742001729851;
35;0.767533124570;
36;0.776878259617;
37;0.767533124570;
38;0.742001729851;
39;0.707125202347;
40;0.672248678684;
41;0.646717287274;
42;0.637372149887;
43;0.646717287274;
44;0.672248678684;
45;0.707125202347;
46;0.742001729851;
47;0.767533124570;
48;0.776878259617;
49;0.767533124570;
50;0.742001729851;
51;0.707125202347;
52;0.672248678684;
53;0.646717287274;
54;0.637372149887;
55;0.646717287274;
56;0.672248678684;
57;0.707125202347;
58;0.742001729851;
59;0.767533124570;
60;0.776878259617;
61;0.767533124570;
62;0.742001729851;
63;0.707125202347;
64;0.672248678684;
65;0.646717287274;
66;0.637372149887;
67;0.646717287274;
68;0.672248678684;
69;0.707125202347;
70;0.742001729851;
71;0.767533124570;
72;0.776878259617;
73;0.767533124570;
74;0.742001729851;
75;0.707125202347;
76;0.672248678684;
77;0.646717287274;
78;0.637372149887;
79;0.646717287274;
80;0.672248678684;
81;0.707125202347;
82;0.742001729851;
83;0.767533124570;
84;0.776878259617;
85;0.767533124570;
86;0.742001729851;
87;0.707125202347;
88;0.672248678684;
89;0.646717287274;
90;0.637372149887;
91;0.646717287274;
92;0.672248678684;
93;0.707125202347;
94;0.742001729851;
95;0.767533124570;
96;0.776878259617;
97;0.767533124570;
98;0.742001729851;
99;0.707125202347;
100;0.672248678684;
101;0.646717287274;
102;0.637372149887;
103;0.646717287274;
104;0.672248678684;
105;0.707125202347;
106;0.742001729851;
107;0.767533124570;
108;0.776878259617;
109;0.767533124570;
110;0.742001729851;
111;0.707125202347;
112;0.672248678684;
113;0.646717287274;
114;0.637372149887;
115;0.646717287274;
116;0.672248678684;
117;0.707125202347;
118;0.742001729851;
119;0.767533124570;
120;0.776878259617;
121;0.767533124570;
122;0.742001729851;
123;0.707125202347;
124;0.672248678684;
125;0.646717287274;
126;0.637372149887;
127;0.646717287274;
128;0.672248678684;
129;0.707125202347;
130;0.742001729851;
131;0.767533124570;
132;0.776878259617;
133;0.767533124570;
134;0.742001729851;
135;0.707125202347;
136;0.672248678684;
137;0.646717287274;
138;0.637372149887;
139;0.646717287274;
140;0.672248678684;
141;0.707125202347;
142;0.742001729851;
143;0.767533124570;
144;0.776878259617;
145;0.767533124570;
146;0.742001729851;
147;0.707125202347;
148;0.672248678684;
149;0.646717287274;
150;0.637372149887;
151;0.646717287274;
152;0.672248678684;
153;0.707125202347;
154;0.742001729851;
155;0.767533124570;
156;0.776878259617;
157;0.767533124570;
158;0.742001729851;
159;0.707125202347;
160;0.672248678684;
161;0.646717287274;
162;0.637372149887;
163;0.646717287274;
164;0.672248678684;
165;0.707125202347;
166;0.742001729851;
167;0.767533124570;
168;0.776878259617;
169;0.767533124570;
170;0.742001729851;
171;0.707125202347;
172;0.672248678684;
173;0.646717287274;
174;0.637372149887;
175;0.646717287274;
176;0.672248678684;
177;0.707125202347;
178;0.742001729851;
179;0.767533124570;
180;0.776878259617;
181;0.767533124570;
182;0.742001729851;
183;0.707125202347;
184;0.672248678684;
185;0.646717287274;
186;0.637372149887;
187;0.646717287274;
188;0.672248678684;
189;0.707125202347;
190;0.742001729851;
191;0.767533124570;
192;0.776878259617;
193;0.767533124570;
194;0.742001729851;
195;0.707125202347;
196;0.672248678684;
197;0.646717287274;
198;0.637372149887;
199;0.646717287274;
200;0.672248678684;
201;0.707125202347;
202;0.742001729851;
203;0.767533124570;
204;0.776878259617;
205;0.767533124570;
206;0.742001729851;
207;0.707125202347;
208;0.672248678684;
209;0.646717287274;
210;0.637372149887;
211;0.646717287274;
212;0.672248678684;
213;0.707125202347;
214;0.742001729851;
215;0.767533124570;
216;0.776878259617;
217;0.767533124570;
218;0.742001729851;
219;0.707125202347;
220;0.672248678684;
221;0.646717287274;
222;0.637372149887;
223;0.646717287274;
224;0.672248678684;
225;0.707125202347;
226;0.742001729851;
227;0.767533124570;
228;0.776878259617;
229;0.767533124570;
230;0.742001729851;
231;0.707125202347;
232;0.672248678684;
233;0.646717287274;
234;0.637372149887;
235;0.646717287274;
236;0.672248678684;
237;0.707125202347;
238;0.742001729851;
239;0.767533124570;
240;0.776878259617;
241;0.767533124570;
242;0.742001729851;
243;0.707125202347;
244;0.672248678684;
245;0.646717287274;
246;0.637372149887;
247;0.646717287274;
248;0.672248678684;
249;0.707125202347;
250;0.742001729851;
251;0.767533124570;
252;0.776878259617;
253;0.767533124570;
254;0.742001729851;
255;0.707125202347;
256;0.672248678684;
257;0.646717287274;
258;0.637372149887;
259;0.646717287274;
260;0.672248678684;
261;0.707125202347;
262;0.742001729851;
263;0.767533124570;
264;0.776878259617;
265;0.767533124570;
266;0.742001729851;
267;0.707125202347;
268;0.672248678684;
269;0.646717287274;
270;0.637372149887;
271;0.646717287274;
272;0.672248678684;
273;0.707125202347;
274;0.742001729851;
275;0.767533124570;
276;0.776878259617;
277;0.767533124570;
278;0.742001729851;
279;0.707125202347;
280;0.672248678684;
281;0.646717287274;
282;0.637372149887;
283;0.646717287274;
284;0.672248678684;
285;0.707125202347;
286;0.742001729851;
287;0.767533124570;
288;0.776878259617;
289;0.767533124570;
290;0.742001729851;
291;0.707125202347;
292;0.672248678684;
293;0.646717287274;
294;0.637372149887;
295;0.646717287274;
296;0.672248678684;
297;0.707125202347;
298;0.742001729851;
299;0.767533124570;
300;0.776878259617;
301;0.767533124570;
302;0.742001729851;
303;0.707125202347;
304;0.672248678684;
305;0.646717287274;
306;0.637372149887;
307;0.646717287274;
308;0.672248678684;
309;0.707125202347;
310;0.742001729851;
311;0.767533124570;
312;0.776878259617;
313;0.767533124570;
314;0.742001729851;
315;0.707125202347;
316;0.672248678684;
317;0.646717287274;
318;0.637372149887;
319;0.646717287274;
320;0.672248678684;
321;0.707125202347;
322;0.742001729851;
323;0.767533124570;
324;0.776878259617;
325;0.767533124570;
326;0.742001729851;
327;0.707125202347;
328;0.672248678684;
329;0.646717287274;
330;0.637372149887;
331;0.646717287274;
332;0.672248678684;
333;0.707125202347;
334;0.742001729851;
335;0.767533124570;
336;0.776878259617;
337;0.767533124570;
338;0.742001729851;
339;0.707125202347;
340;0.672248678684;
341;0.646717287274;
342;0.637372149887;
343;0.646717287274;
344;0.672248678684;
345;0.707125202347;
346;0.742001729851;
347;0.767533124570;
348;0.776878259617;
349;0.767533124570;
350;0.742001729851;
351;0.707125202347;
352;0.672248678684;
353;0.646717287274;
354;0.637372149887;
355;0.646717287274;
356;0.672248678684;
357;0.707125202347;
358;0.742001729851;
359;0.767533124570;
360;0.776878259617;
361;0.767533124570;
362;0.742001729851;
363;0.707125202347;
364;0.672248678684;
365;0.646717287274;
366;0.637372149887;
367;0.646717287274;
368;0.672248678684;
369;0.707125202347;
370;0.742001729851;
371;0.767533124570;
372;0.776878259617;
373;0.767533124570;
374;0.742001729851;
375;0.707125202347;
376;0.672248678684;
377;0.646717287274;
378;0.637372149887;
379;0.646717287274;
380;0.672248678684;
381;0.707125202347;
382;0.742001729851;
383;0.767533124570;
384;0.776878259617;
385;0.767533124570;
386;0.742001729851;
387;0.707125202347;
388;0.672248678684;
389;0.646717287274;
390;0.637372149887;
391;0.646717287274;
392;0.672248678684;
393;0.707125202347;
394;0.742001729851;
395;0.767533124570;
396;0.776878259617;
397;0.767533124570;
398;0.742001729851;
399;0.707125202347;
400;0.672248678684;
401;0.646717287274;
402;0.637372149887;
403;0.646717287274;
404;0.672248678684;
405;0.707125202347;
406;0.742001729851;
407;0.767533124570;
408;0.776878259617;
409;0.767533124570;
410;0.742001729851;
411;0.707125202347;
412;0.672248678684;
413;0.646717287274;
414;0.637372149887;
415;0.646717287274;
416;0.672248678684;
417;0.707125202347;
418;0.742001729851;
419;0.767533124570;
420;0.776878259617;
421;0.767533124570;
422;0.742001729851;
423;0.707125202347;
424;0.672248678684;
425;0.646717287274;
426;0.637372149887;
427;0.646717287274;
428;0.672248678684;
429;0.707125202347;
430;0.742001729851;
431;0.767533124570;
432;0.776878259617;
433;0.767533124570;
434;0.742001729851;
435;0.707125202347;
436;0.672248678684;
437;0.646717287274;
438;0.637372149887;
439;0.646717287274;
440;0.672248678684;
441;0.707125202347;
442;0.742001729851;
443;0.767533124570;
444;0.776878259617;
445;0.767533124570;
446;0.742001729851;
447;0.707125202347;
448;0.672248678684;
449;0.646717287274;
450;0.637372149887;
451;0.646717287274;
452;0.672248678684;
453;0.707125202347;
454;0.742001729851;
455;0.767533124570;
456;0.776878259617;
457;0.767533124570;
458;0.742001729851;
459;0.707125202347;
460;0.672248678684;
461;0.646717287274;
462;0.637372149887;
463;0.646717287274;
464;0.672248678684;
465;0.707125202347;
466;0.742001729851;
467;0.767533124570;
468;0.776878259617;
469;0.767533124570;
470;0.742001729851;
471;0.707125202347;
472;0.672248678684;
473;0.646717287274;
474;0.637372149887;
475;0.646717287274;
476;0.672248678684;
477;0.707125202347;
478;0.742001729851;
479;0.767533124570;
480;0.776878259617;
481;0.767533124570;
482;0.742001729851;
483;0.707125202347;
484;0.672248678684;
485;0.646717287274;
486;0.637372149887;
487;0.646717287274;
488;0.672248678684;
489;0.707125202347;
490;0.742001729851;
491;0.767533124570;
492;0.776878259617;
493;0.767533124570;
494;0.742001729851;
495;0.707125202347;
496;0.672248678684;
497;0.646717287274;
498;0.637372149887;
499;0.646717287274;
500;0.672248678684;
501;0.707125202347;
502;0.742001729851;
503;0.767533124570;
504;0.776878259617;
505;0.767533124570;
506;0.742001729851;
507;0.707125202347;
508;0.672248678684;
509;0.646717287274;
510;0.637372149887;
511;0.646717287274;
512;0.672248678684;
513;0.707125202347;
514;0.742001729851;
515;0.767533124570;
516;0.776878259617;
517;0.767533124570;
518;0.742001729851;
519;0.707125202347;
520;0.672248678684;
521;0.646717287274;
522;0.637372149887;
523;0.646717287274;
524;0.672248678684;
525;0.707125202347;
526;0.742001729851;
527;0.767533124570;
528;0.776878259617;
529;0.767533124570;
530;0.742001729851;
531;0.707125202347;
532;0.672248678684;
533;0.646717287274;
534;0.637372149887;
535;0.646717287274;
536;0.672248678684;
537;0.707125202347;
538;0.742001729851;
539;0.767533124570;
540;0.776878259617;
541;0.767533124570;
542;0.742001729851;
543;0.707125202347;
544;0.672248678684;
545;0.646717287274;
546;0.637372149887;
547;0.646717287274;
548;0.672248678684;
549;0.707125202347;
550;0.742001729851;
551;0.767533124570;
552;0.776878259617;
553;0.767533124570;
554;0.742001729851;
555;0.707125202347;
556;0.672248678684;
557;0.646717287274;
558;0.637372149887;
559;0.646717287274;
560;0.672248678684;
561;0.707125202347;
562;0.742001729851;
563;0.767533124570;
564;0.776878259617;
565;0.767533124570;
566;0.742001729851;
567;0.707125202347;
568;0.672248678684;
569;0.646717287274;
570;0.637372149887;
571;0.646717287274;
572;0.672248678684;
573;0.707125202347;
574;0.742001729851;
575;0.767533124570;
576;0.776878259617;
577;0.767533124570;
578;0.742001729851;
579;0.707125202347;
580;0.672248678684;
581;0.646717287274;
582;0.637372149887;
583;0.646717287274;
584;0.672248678684;
585;0.707125202347;
586;0.742001729851;
587;0.767533124570;
588;0.776878259617;
589;0.767533124570;
590;0.742001729851;
591;0.707125202347;
592;0.672248678684;
593;0.646717287274;
594;0.637372149887;
595;0.646717287274;
596;0.672248678684;
597;0.707125202347;
598;0.742001729851;
599;0.767533124570;
600;0.776878259617;
601;0.767533124570;
602;0.742001729851;
603;0.707125202347;
604;0.672248678684;
605;0.646717287274;
606;0.637372149887;
607;0.646717287274;
608;0.672248678684;
609;0.707125202347;
610;0.742001729851;
611;0.767533124570;
612;0.776878259617;
613;0.767533124570;
614;0.742001729851;
615;0.707125202347;
616;0.672248678684;
617;0.646717287274;
618;0.637372149887;
619;0.646717287274;
620;0.672248678684;
621;0.707125202347;
622;0.742001729851;
623;0.767533124570;
624;0.776878259617;
625;0.767533124570;
626;0.742001729851;
627;0.707125202347;
628;0.672248678684;
629;0.646717287274;
630;0.637372149887;
631;0.646717287274;
632;0.672248678684;
633;0.707125202347;
634;0.742001729851;
635;0.767533124570;
636;0.776878259617;
637;0.767533124570;
638;0.742001729851;
639;0.707125202347;
640;0.672248678684;
641;0.646717287274;
642;0.637372149887;
643;0.646717287274;
644;0.672248678684;
645;0.707125202347;
646;0.742001729851;
647;0.767533124570;
648;0.776878259617;
649;0.767533124570;
650;0.742001729851;
651;0.707125202347;
652;0.672248678684;
653;0.646717287274;
654;0.637372149887;
655;0.646717287274;
656;0.672248678684;
657;0.707125202347;
658;0.742001729851;
659;0.767533124570;
660;0.776878259617;
661;0.767533124570;
662;0.742001729851;
663;0.707125202347;
664;0.672248678684;
665;0.646717287274;
666;0.637372149887;
667;0.646717287274;
668;0.672248678684;
669;0.707125202347;
670;0.742001729851;
671;0.767533124570;
672;0.776878259617;
673;0.767533124570;
674;0.742001729851;
675;0.707125202347;
676;0.672248678684;
677;0.646717287274;
678;0.637372149887;
679;0.646717287274;
680;0.672248678684;
681;0.707125202347;
682;0.742001729851;
683;0.767533124570;
684;0.776878259617;
685;0.767533124570;
686;0.742001729851;
687;0.707125202347;
688;0.672248678684;
689;0.646717287274;
690;0.637372149887;
691;0.646717287274;
692;0.672248678684;
693;0.707125202347;
694;0.742001729851;
695;0.767533124570;
696;0.776878259617;
697;0.767533124570;
698;0.742001729851;
699;0.707125202347;
700;0.672248678684;
701;0.646717287274;
702;0.637372149887;
703;0.646717287274;
704;0.672248678684;
705;0.707125202347;
706;0.742001729851;
707;0.767533124570;
708;0.776878259617;
709;0.767533124570;
710;0.742001729851;
711;0.707125202347;
712;0.672248678684;
713;0.646717287274;
714;0.637372149887;
