1;25.433059642059;
2;2.628390335846;
3;3.849303615196;
4;5.985185377506;
5;6.325633249563;
6;5.909813624671;
7;5.916240729921;
8;5.900295687079;
9;5.883821711319;
10;5.867186439286;
11;5.850553435151;
12;5.833872882726;
13;5.817157246584;
14;5.800469883787;
15;5.783831484082;
16;5.767202939083;
17;5.750531106573;
18;5.733816374815;
19;5.717119193224;
20;5.700473261605;
21;5.683848283395;
22;5.667189586492;
23;5.650480465604;
24;5.633772508619;
25;5.617113107738;
26;5.600488034544;
27;5.583844447375;
28;5.567148771233;
29;5.550433050789;
30;5.533754692895;
31;5.517121866064;
32;5.500491578933;
33;5.483817172377;
34;5.467102764237;
35;5.450403643897;
36;5.433753284056;
37;5.417127843961;
38;5.400477810412;
39;5.383779372350;
40;5.367066211545;
41;5.350389348463;
42;5.333754825553;
43;5.317123429088;
44;5.300453133541;
45;5.283743560257;
46;5.267040696905;
47;5.250381234175;
48;5.233751930107;
49;5.217110151062;
50;5.200425425915;
51;5.183714238678;
52;5.167022594259;
53;5.150373000413;
54;5.133742824295;
55;5.117091723292;
56;5.100400067802;
57;5.083691420148;
58;5.067007398774;
59;5.050361433714;
60;5.033728268774;
61;5.017072118628;
62;5.000379184519;
63;4.983673505747;
64;4.966992389059;
65;4.950345663282;
66;4.933709826100;
67;4.917052939446;
68;4.900362583013;
69;4.883659493267;
70;4.866977100366;
71;4.850326199272;
72;4.833688084949;
73;4.817033757477;
74;4.800349249066;
75;4.783649219931;
76;4.766962483018;
77;4.750304633837;
78;4.733663080477;
79;4.717013045199;
80;4.700337342711;
81;4.683642052109;
82;4.666950968330;
83;4.650283035380;
84;4.633635552863;
85;4.616988806986;
86;4.600323803021;
87;4.583636995778;
88;4.566944093585;
89;4.550265084005;
90;4.533607722374;
91;4.516960235389;
92;4.500304737315;
93;4.483630158311;
94;4.466941389449;
95;4.450254633395;
96;4.433583983856;
97;4.416929505537;
98;4.400278255717;
99;4.383616255870;
100;4.366938515180;
101;4.350251786404;
102;4.333569792704;
103;4.316902508652;
104;4.300246883257;
105;4.283592108142;
106;4.266927452360;
107;4.250249975070;
108;4.233566164591;
109;4.216887209349;
110;4.200219412946;
111;4.183561214470;
112;4.166903842405;
113;4.150239028029;
114;4.133564132176;
115;4.116883406077;
116;4.100204990421;
117;4.083535434990;
118;4.066873752233;
119;4.050214651004;
120;4.033550676256;
121;4.016879257906;
122;4.000201883288;
123;3.983524004839;
124;3.966851895583;
125;3.950186298547;
126;3.933524704879;
127;3.916861651754;
128;3.900193741307;
129;3.883520205303;
130;3.866844171155;
131;3.850169840781;
132;3.833500417337;
133;3.816835254408;
134;3.800171862079;
135;3.783506417297;
136;3.766836976601;
137;3.750163868697;
138;3.733489713599;
139;3.716817316493;
140;3.700148206467;
141;3.683482310623;
142;3.666817292597;
143;3.650150775379;
144;3.633481503950;
145;3.616809641506;
146;3.600136747299;
147;3.583465077681;
148;3.566795401205;
149;3.550128242035;
150;3.533461967465;
151;3.516795095669;
152;3.500126636958;
153;3.483455959425;
154;3.466783766614;
155;3.450111378510;
156;3.433440108813;
157;3.416770924398;
158;3.400103582788;
159;3.383437046321;
160;3.366770062471;
161;3.350100935240;
162;3.333430066416;
163;3.316758055339;
164;3.300085781951;
165;3.283415112666;
166;3.266746141983;
167;3.250078798467;
168;3.233411959718;
169;3.216744357944;
170;3.200075312418;
171;3.183404574094;
172;3.166732816805;
173;3.150060915964;
174;3.133390829953;
175;3.116721800711;
176;3.100054070816;
177;3.083386928946;
178;3.066719090207;
179;3.050049837145;
180;3.033379465076;
181;3.016708011626;
182;3.000036783465;
183;2.983366293603;
184;2.966697219133;
185;2.950029422903;
186;2.933362179651;
187;2.916694562586;
188;2.900025727434;
189;2.883355464915;
190;2.866683980604;
191;2.850012457055;
192;2.833341416375;
193;2.816671666567;
194;2.800003729330;
195;2.783336558365;
196;2.766669879595;
197;2.750002363048;
198;2.733333623739;
199;2.716662728116;
200;2.699990990734;
201;2.683318600474;
202;2.666646725543;
203;2.649976432042;
204;2.633307909524;
205;2.616641416514;
206;2.599975361553;
207;2.583309487640;
208;2.566642234940;
209;2.549973165804;
210;2.533301965405;
211;2.516629060830;
212;2.499955892115;
213;2.483283011481;
214;2.466611922111;
215;2.449942956039;
216;2.433276028301;
217;2.416610574518;
218;2.399946104241;
219;2.383280591946;
220;2.366613571025;
221;2.349944233871;
222;2.333272493416;
223;2.316599121631;
224;2.299924860039;
225;2.283251258225;
226;2.266579002369;
227;2.249908908864;
228;2.233241284536;
229;2.216575901088;
230;2.199911576949;
231;2.183247421642;
232;2.166582457211;
233;2.149915784179;
234;2.133246704889;
235;2.116575105472;
236;2.099901947061;
237;2.083227303762;
238;2.066552791055;
239;2.049879229771;
240;2.033207551187;
241;2.016538078275;
242;1.999870806666;
243;1.983205637762;
244;1.966541426906;
245;1.949877855657;
246;1.933213488002;
247;1.916547818379;
248;1.899880181941;
249;1.883210292417;
250;1.866538342957;
251;1.849865012747;
252;1.833190512211;
253;1.816516092605;
254;1.799842208881;
255;1.783169789295;
256;1.766499240268;
257;1.749830656093;
258;1.733163876390;
259;1.716498534819;
260;1.699834069913;
261;1.683170307599;
262;1.666505713478;
263;1.649840616930;
264;1.633173940188;
265;1.616505732487;
266;1.599835858811;
267;1.583164411909;
268;1.566491836506;
269;1.549818261025;
270;1.533144482676;
271;1.516470849454;
272;1.499798065528;
273;1.483126213762;
274;1.466455640678;
275;1.449786454767;
276;1.433118449987;
277;1.416451864121;
278;1.399785961887;
279;1.383120751573;
280;1.366455684239;
281;1.349790429838;
282;1.333124921858;
283;1.316458617398;
284;1.299791500010;
285;1.283123377286;
286;1.266454266833;
287;1.249784244388;
288;1.233113300191;
289;1.216441831386;
290;1.199769773231;
291;1.183097429256;
292;1.166425361860;
293;1.149753516247;
294;1.133081535516;
295;1.116410507410;
296;1.099740035445;
297;1.083070054804;
298;1.066400854640;
299;1.049732205946;
300;1.033064184097;
301;1.016396679186;
302;0.999729514345;
303;0.983062509113;
304;0.966395596178;
305;0.949729059624;
306;0.933062290970;
307;0.916395214706;
308;0.899728100120;
309;0.883060637367;
310;0.866392900706;
311;0.849724979558;
312;0.833056562230;
313;0.816387844763;
314;0.799718833283;
315;0.783049569042;
316;0.766380083589;
317;0.749710338762;
318;0.733040496411;
319;0.716370531540;
320;0.699700388148;
321;0.683030298954;
322;0.666360301950;
323;0.649690039733;
324;0.633020138234;
325;0.616350178162;
326;0.599680340223;
327;0.583010750358;
328;0.566341122478;
329;0.549671324304;
330;0.533002034219;
331;0.516332782802;
332;0.499663752859;
333;0.482994505558;
334;0.466325497183;
335;0.449656683718;
336;0.432987828736;
337;0.416319046161;
338;0.399650359836;
339;0.382981659836;
340;0.366313028590;
341;0.349644409062;
342;0.332975805267;
343;0.316307267390;
344;0.299638690730;
345;0.282970075113;
346;0.266301533253;
347;0.249632901551;
348;0.232964385913;
349;0.216295710893;
350;0.199627077829;
351;0.182958565696;
352;0.166289851984;
353;0.149621205025;
354;0.132952494866;
355;0.116283909644;
356;0.099615209871;
357;0.082946357734;
358;0.066277916039;
359;0.049609069041;
360;0.032940377784;
361;0.016271493494;
362;-0.000397314076;
363;-0.017066502284;
364;-0.033735977404;
365;-0.050405029024;
366;-0.067074264594;
367;-0.083743658761;
368;-0.100412709444;
369;-0.117081944270;
370;-0.133751248134;
371;-0.150420408810;
372;-0.167089644899;
373;-0.183758872564;
374;-0.200427982997;
375;-0.217097154840;
376;-0.233766354627;
377;-0.250435551566;
378;-0.267104586419;
379;-0.283773795209;
380;-0.300442847571;
381;-0.317111983604;
382;-0.333781004422;
383;-0.350450064018;
384;-0.367119079152;
385;-0.383788069586;
386;-0.400457029871;
387;-0.417125919348;
388;-0.433794903096;
389;-0.450463715589;
390;-0.467132505497;
391;-0.483801397176;
392;-0.500470230521;
393;-0.517138865050;
394;-0.533807719813;
395;-0.550476294611;
396;-0.567145006332;
397;-0.583813809993;
398;-0.600482504728;
399;-0.617151136639;
400;-0.633819878454;
401;-0.650488467364;
402;-0.667157471581;
403;-0.683825887119;
404;-0.700494895784;
405;-0.717163756936;
406;-0.733832613068;
407;-0.750501564421;
408;-0.767170514212;
409;-0.783839541124;
410;-0.800508613851;
411;-0.817177700353;
412;-0.833846870532;
413;-0.850516096779;
414;-0.867185448066;
415;-0.883854393452;
416;-0.900523834631;
417;-0.917193063106;
418;-0.933862158947;
419;-0.950531687080;
420;-0.967200497373;
421;-0.983870048475;
422;-1.000538852231;
423;-1.017208204460;
424;-1.033877135061;
425;-1.050546159290;
426;-1.067215187528;
427;-1.083884129481;
428;-1.100553047396;
429;-1.117221890974;
430;-1.133890788655;
431;-1.150559747561;
432;-1.167228837465;
433;-1.183897313535;
434;-1.200566271627;
435;-1.217235155293;
436;-1.233903923576;
437;-1.250572772022;
438;-1.267241458907;
439;-1.283910273372;
440;-1.300579022546;
441;-1.317247664630;
442;-1.333916602195;
443;-1.350585040398;
444;-1.367253897254;
445;-1.383922766287;
446;-1.400591470512;
447;-1.417260402742;
448;-1.433929504627;
449;-1.450598611005;
450;-1.467267837337;
451;-1.483937111088;
452;-1.500606449568;
453;-1.517275928254;
454;-1.533945124323;
455;-1.550614509332;
456;-1.567283449445;
457;-1.583952640832;
458;-1.600621301290;
459;-1.617289940988;
460;-1.633958342032;
461;-1.650626756045;
462;-1.667294889740;
463;-1.683962987665;
464;-1.700631349351;
465;-1.717299926773;
466;-1.733968595267;
467;-1.750637423809;
468;-1.767306679194;
469;-1.783976079156;
470;-1.800645723996;
471;-1.817315517882;
472;-1.833985099479;
473;-1.850654611687;
474;-1.867323789082;
475;-1.883992891381;
476;-1.900661362116;
477;-1.917329706609;
478;-1.933997818758;
479;-1.950665615434;
480;-1.967333528048;
481;-1.984001924552;
482;-2.000670207308;
483;-2.017339016743;
484;-2.034008294936;
485;-2.050677779493;
486;-2.067347571270;
487;-2.084017257201;
488;-2.100686930047;
489;-2.117356394473;
490;-2.134025456961;
491;-2.150694026616;
492;-2.167362309668;
493;-2.184030259972;
494;-2.200698066487;
495;-2.217366194643;
496;-2.234034356522;
497;-2.250703130016;
498;-2.267372080364;
499;-2.284041593101;
500;-2.300711166320;
501;-2.317380760725;
502;-2.334050352948;
503;-2.350719561053;
504;-2.367388424864;
505;-2.384056907510;
506;-2.400725145151;
507;-2.417393160835;
508;-2.434061412367;
509;-2.450729587875;
510;-2.467398264200;
511;-2.484067260828;
512;-2.500736481630;
513;-2.517405687176;
514;-2.534075235634;
515;-2.550744375589;
516;-2.567413379781;
517;-2.584082211968;
518;-2.600750521062;
519;-2.617419202012;
520;-2.634087485415;
521;-2.650756007983;
522;-2.667424513726;
523;-2.684093173903;
524;-2.700762279177;
525;-2.717430981964;
526;-2.734100203833;
527;-2.750769197973;
528;-2.767438202753;
529;-2.784107344638;
530;-2.800775969812;
531;-2.817444671708;
532;-2.834113298356;
533;-2.850781763381;
534;-2.867450105907;
535;-2.884118547671;
536;-2.900787218683;
537;-2.917455858437;
538;-2.934125128147;
539;-2.950794464269;
540;-2.967463713568;
541;-2.984132866012;
542;-3.000801560979;
543;-3.017470097544;
544;-3.034138026267;
545;-3.050806131192;
546;-3.067474342340;
547;-3.084143040872;
548;-3.100812192860;
549;-3.117481715829;
550;-3.134151269547;
551;-3.150820879504;
552;-3.167489496586;
553;-3.184157707864;
554;-3.200825490305;
555;-3.217493126356;
556;-3.234161338847;
557;-3.250830228480;
558;-3.267499727984;
559;-3.284169616660;
560;-3.300839375543;
561;-3.317508368177;
562;-3.334176691013;
563;-3.350844322195;
564;-3.367511759301;
565;-3.384179888125;
566;-3.400848610948;
567;-3.417518229442;
568;-3.434188313321;
569;-3.450857769733;
570;-3.467526754097;
571;-3.484194890686;
572;-3.500862377310;
573;-3.517530152519;
574;-3.534198329397;
575;-3.550867551555;
576;-3.567537373605;
577;-3.584207000633;
578;-3.600876046113;
579;-3.617544464506;
580;-3.634212207416;
581;-3.650880128808;
582;-3.667548392753;
583;-3.684217561908;
584;-3.700887072271;
585;-3.717556376578;
586;-3.734225088771;
587;-3.750893386611;
588;-3.767561272382;
589;-3.784229455605;
590;-3.800898615651;
591;-3.817568065017;
592;-3.834237363885;
593;-3.850905910878;
594;-3.867573787112;
595;-3.884241492148;
596;-3.900909745286;
597;-3.917579076411;
598;-3.934249288722;
599;-3.950919047312;
600;-3.967587589868;
601;-3.984254632682;
602;-4.000921788416;
603;-4.017589886434;
604;-4.034259046445;
605;-4.050929466041;
606;-4.067600059821;
607;-4.084270389410;
608;-4.100939053610;
609;-4.117606928788;
610;-4.134273692545;
611;-4.150940834226;
612;-4.167609337679;
613;-4.184280051927;
614;-4.200952031846;
615;-4.217623223692;
616;-4.234291798436;
617;-4.250957939360;
618;-4.267622991006;
619;-4.284289654736;
620;-4.300960129545;
621;-4.317633546809;
622;-4.334306707012;
623;-4.350976661551;
624;-4.367641796007;
625;-4.384304690244;
626;-4.400969710966;
627;-4.417640536264;
628;-4.434316080418;
629;-4.450991257921;
630;-4.467660857328;
631;-4.484324030951;
632;-4.500984751862;
633;-4.517649372456;
634;-4.534322547141;
635;-4.551000825644;
636;-4.567676664320;
637;-4.584343839984;
638;-4.601003369948;
639;-4.617662471394;
640;-4.634329900104;
641;-4.651007855753;
642;-4.667688467905;
643;-4.684361581405;
644;-4.701022991414;
645;-4.717678432678;
646;-4.734339975952;
647;-4.751014739038;
648;-4.767697970722;
649;-4.784376980166;
650;-4.801041696153;
651;-4.817695606652;
652;-4.834351786917;
653;-4.851022891398;
654;-4.867707486608;
655;-4.884390819264;
656;-4.901058903532;
657;-4.917711808090;
658;-4.934364194858;
659;-4.951032550413;
660;-4.967718230803;
661;-4.984404605245;
662;-5.001074783404;
663;-5.017726235673;
664;-5.034375910833;
665;-5.051043225137;
666;-5.067731018045;
667;-5.084419692027;
668;-5.101089219954;
669;-5.117737882887;
670;-5.134385872482;
671;-5.151055769861;
672;-5.167746870816;
673;-5.184436009737;
674;-5.201101615173;
675;-5.217746026139;
676;-5.234394715592;
677;-5.251070987737;
678;-5.267766347440;
679;-5.284452529350;
680;-5.301110086349;
681;-5.317750309090;
682;-5.334404838236;
683;-5.351090702382;
684;-5.367788841237;
685;-5.384466335177;
686;-5.401112610585;
687;-5.417752613391;
688;-5.434419937918;
689;-5.451116962416;
690;-5.467810737531;
691;-5.484472585828;
692;-5.501109320707;
693;-5.517758275423;
694;-5.534444557582;
695;-5.551146690959;
696;-5.567825395227;
697;-5.584467872737;
698;-5.601105321651;
699;-5.617776453885;
700;-5.634479025380;
701;-5.651171102581;
702;-5.667824293255;
703;-5.684456314427;
704;-5.701113970066;
705;-5.717811357403;
706;-5.734512873652;
707;-5.751176557011;
708;-5.767808420109;
709;-5.784455392063;
710;-5.801146289743;
711;-5.817852336176;
712;-5.834525373018;
713;-5.851159052220;
714;-5.867798917090;
715;-5.884484207429;
