0;-21.694061731933;
1;-0.730575146101;
2;-0.535530179827;
3;-0.518336110343;
4;-0.481976660362;
5;-0.401125035593;
6;-0.226563088985;
7;0.023955676067;
8;0.267104609166;
9;0.438814243598;
10;0.493195682153;
11;0.415470765202;
12;0.225984310629;
13;-0.024585495477;
14;-0.268504329493;
15;-0.439937659541;
16;-0.493277120661;
17;-0.414783998874;
18;-0.225569603042;
19;0.023955630809;
20;0.267104609166;
21;0.438814243598;
22;0.493195682153;
23;0.415470765202;
24;0.225984310629;
25;-0.024585495477;
26;-0.268504329493;
27;-0.439937659541;
28;-0.493277120661;
29;-0.414783998874;
30;-0.225569603042;
31;0.023955630809;
32;0.267104609166;
33;0.438814243598;
34;0.493195682153;
35;0.415470765202;
36;0.225984310629;
37;-0.024585495477;
38;-0.268504329493;
39;-0.439937659541;
40;-0.493277120661;
41;-0.414783998874;
42;-0.225569603042;
43;0.023955630809;
44;0.267104609166;
45;0.438814243598;
46;0.493195682153;
47;0.415470765202;
48;0.225984310629;
49;-0.024585495477;
50;-0.268504329493;
51;-0.439937659541;
52;-0.493277120661;
53;-0.414783998874;
54;-0.225569603042;
55;0.023955630809;
56;0.267104609166;
57;0.438814243598;
58;0.493195682153;
59;0.415470765202;
60;0.225984310629;
61;-0.024585495477;
62;-0.268504329493;
63;-0.439937659541;
64;-0.493277120661;
65;-0.414783998874;
66;-0.225569603042;
67;0.023955630809;
68;0.267104609166;
69;0.438814243598;
70;0.493195682153;
71;0.415470765202;
72;0.225984310629;
73;-0.024585495477;
74;-0.268504329493;
75;-0.439937659541;
76;-0.493277120661;
77;-0.414783998874;
78;-0.225569603042;
79;0.023955630809;
80;0.267104609166;
81;0.438814243598;
82;0.493195682153;
83;0.415470765202;
84;0.225984310629;
85;-0.024585495477;
86;-0.268504329493;
87;-0.439937659541;
88;-0.493277120661;
89;-0.414783998874;
90;-0.225569603042;
91;0.023955630809;
92;0.267104609166;
93;0.438814243598;
94;0.493195682153;
95;0.415470765202;
96;0.225984310629;
97;-0.024585495477;
98;-0.268504329493;
99;-0.439937659541;
100;-0.493277120661;
101;-0.414783998874;
102;-0.225569603042;
103;0.023955630809;
104;0.267104609166;
105;0.438814243598;
106;0.493195682153;
107;0.415470765202;
108;0.225984310629;
109;-0.024585495477;
110;-0.268504329493;
111;-0.439937659541;
112;-0.493277120661;
113;-0.414783998874;
114;-0.225569603042;
115;0.023955630809;
116;0.267104609166;
117;0.438814243598;
118;0.493195682153;
119;0.415470765202;
120;0.225984310629;
121;-0.024585495477;
122;-0.268504329493;
123;-0.439937659541;
124;-0.493277120661;
125;-0.414783998874;
126;-0.225569603042;
127;0.023955630809;
128;0.267104609166;
129;0.438814243598;
130;0.493195682153;
131;0.415470765202;
132;0.225984310629;
133;-0.024585495477;
134;-0.268504329493;
135;-0.439937659541;
136;-0.493277120661;
137;-0.414783998874;
138;-0.225569603042;
139;0.023955630809;
140;0.267104609166;
141;0.438814243598;
142;0.493195682153;
143;0.415470765202;
144;0.225984310629;
145;-0.024585495477;
146;-0.268504329493;
147;-0.439937659541;
148;-0.493277120661;
149;-0.414783998874;
150;-0.225569603042;
151;0.023955630809;
152;0.267104609166;
153;0.438814243598;
154;0.493195682153;
155;0.415470765202;
156;0.225984310629;
157;-0.024585495477;
158;-0.268504329493;
159;-0.439937659541;
160;-0.493277120661;
161;-0.414783998874;
162;-0.225569603042;
163;0.023955630809;
164;0.267104609166;
165;0.438814243598;
166;0.493195682153;
167;0.415470765202;
168;0.225984310629;
169;-0.024585495477;
170;-0.268504329493;
171;-0.439937659541;
172;-0.493277120661;
173;-0.414783998874;
174;-0.225569603042;
175;0.023955630809;
176;0.267104609166;
177;0.438814243598;
178;0.493195682153;
179;0.415470765202;
180;0.225984310629;
181;-0.024585495477;
182;-0.268504329493;
183;-0.439937659541;
184;-0.493277120661;
185;-0.414783998874;
186;-0.225569603042;
187;0.023955630809;
188;0.267104609166;
189;0.438814243598;
190;0.493195682153;
191;0.415470765202;
192;0.225984310629;
193;-0.024585495477;
194;-0.268504329493;
195;-0.439937659541;
196;-0.493277120661;
197;-0.414783998874;
198;-0.225569603042;
199;0.023955630809;
200;0.267104609166;
201;0.438814243598;
202;0.493195682153;
203;0.415470765202;
204;0.225984310629;
205;-0.024585495477;
206;-0.268504329493;
207;-0.439937659541;
208;-0.493277120661;
209;-0.414783998874;
210;-0.225569603042;
211;0.023955630809;
212;0.267104609166;
213;0.438814243598;
214;0.493195682153;
215;0.415470765202;
216;0.225984310629;
217;-0.024585495477;
218;-0.268504329493;
219;-0.439937659541;
220;-0.493277120661;
221;-0.414783998874;
222;-0.225569603042;
223;0.023955630809;
224;0.267104609166;
225;0.438814243598;
226;0.493195682153;
227;0.415470765202;
228;0.225984310629;
229;-0.024585495477;
230;-0.268504329493;
231;-0.439937659541;
232;-0.493277120661;
233;-0.414783998874;
234;-0.225569603042;
235;0.023955630809;
236;0.267104609166;
237;0.438814243598;
238;0.493195682153;
239;0.415470765202;
240;0.225984310629;
241;-0.024585495477;
242;-0.268504329493;
243;-0.439937659541;
244;-0.493277120661;
245;-0.414783998874;
246;-0.225569603042;
247;0.023955630809;
248;0.267104609166;
249;0.438814243598;
250;0.493195682153;
251;0.415470765202;
252;0.225984310629;
253;-0.024585495477;
254;-0.268504329493;
255;-0.439937659541;
256;-0.493277120661;
257;-0.414783998874;
258;-0.225569603042;
259;0.023955630809;
260;0.267104609166;
261;0.438814243598;
262;0.493195682153;
263;0.415470765202;
264;0.225984310629;
265;-0.024585495477;
266;-0.268504329493;
267;-0.439937659541;
268;-0.493277120661;
269;-0.414783998874;
270;-0.225569603042;
271;0.023955630809;
272;0.267104609166;
273;0.438814243598;
274;0.493195682153;
275;0.415470765202;
276;0.225984310629;
277;-0.024585495477;
278;-0.268504329493;
279;-0.439937659541;
280;-0.493277120661;
281;-0.414783998874;
282;-0.225569603042;
283;0.023955630809;
284;0.267104609166;
285;0.438814243598;
286;0.493195682153;
287;0.415470765202;
288;0.225984310629;
289;-0.024585495477;
290;-0.268504329493;
291;-0.439937659541;
292;-0.493277120661;
293;-0.414783998874;
294;-0.225569603042;
295;0.023955630809;
296;0.267104609166;
297;0.438814243598;
298;0.493195682153;
299;0.415470765202;
300;0.225984310629;
301;-0.024585495477;
302;-0.268504329493;
303;-0.439937659541;
304;-0.493277120661;
305;-0.414783998874;
306;-0.225569603042;
307;0.023955630809;
308;0.267104609166;
309;0.438814243598;
310;0.493195682153;
311;0.415470765202;
312;0.225984310629;
313;-0.024585495477;
314;-0.268504329493;
315;-0.439937659541;
316;-0.493277120661;
317;-0.414783998874;
318;-0.225569603042;
319;0.023955630809;
320;0.267104609166;
321;0.438814243598;
322;0.493195682153;
323;0.415470765202;
324;0.225984310629;
325;-0.024585495477;
326;-0.268504329493;
327;-0.439937659541;
328;-0.493277120661;
329;-0.414783998874;
330;-0.225569603042;
331;0.023955630809;
332;0.267104609166;
333;0.438814243598;
334;0.493195682153;
335;0.415470765202;
336;0.225984310629;
337;-0.024585495477;
338;-0.268504329493;
339;-0.439937659541;
340;-0.493277120661;
341;-0.414783998874;
342;-0.225569603042;
343;0.023955630809;
344;0.267104609166;
345;0.438814243598;
346;0.493195682153;
347;0.415470765202;
348;0.225984310629;
349;-0.024585495477;
350;-0.268504329493;
351;-0.439937659541;
352;-0.493277120661;
353;-0.414783998874;
354;-0.225569603042;
355;0.023955630809;
356;0.267104609166;
357;0.438814243598;
358;0.493195682153;
359;0.415470765202;
360;0.225984310629;
361;-0.024585495477;
362;-0.268504329493;
363;-0.439937659541;
364;-0.493277120661;
365;-0.414783998874;
366;-0.225569603042;
367;0.023955630809;
368;0.267104609166;
369;0.438814243598;
370;0.493195682153;
371;0.415470765202;
372;0.225984310629;
373;-0.024585495477;
374;-0.268504329493;
375;-0.439937659541;
376;-0.493277120661;
377;-0.414783998874;
378;-0.225569603042;
379;0.023955630809;
380;0.267104609166;
381;0.438814243598;
382;0.493195682153;
383;0.415470765202;
384;0.225984310629;
385;-0.024585495477;
386;-0.268504329493;
387;-0.439937659541;
388;-0.493277120661;
389;-0.414783998874;
390;-0.225569603042;
391;0.023955630809;
392;0.267104609166;
393;0.438814243598;
394;0.493195682153;
395;0.415470765202;
396;0.225984310629;
397;-0.024585495477;
398;-0.268504329493;
399;-0.439937659541;
400;-0.493277120661;
401;-0.414783998874;
402;-0.225569603042;
403;0.023955630809;
404;0.267104609166;
405;0.438814243598;
406;0.493195682153;
407;0.415470765202;
408;0.225984310629;
409;-0.024585495477;
410;-0.268504329493;
411;-0.439937659541;
412;-0.493277120661;
413;-0.414783998874;
414;-0.225569603042;
415;0.023955630809;
416;0.267104609166;
417;0.438814243598;
418;0.493195682153;
419;0.415470765202;
420;0.225984310629;
421;-0.024585495477;
422;-0.268504329493;
423;-0.439937659541;
424;-0.493277120661;
425;-0.414783998874;
426;-0.225569603042;
427;0.023955630809;
428;0.267104609166;
429;0.438814243598;
430;0.493195682153;
431;0.415470765202;
432;0.225984310629;
433;-0.024585495477;
434;-0.268504329493;
435;-0.439937659541;
436;-0.493277120661;
437;-0.414783998874;
438;-0.225569603042;
439;0.023955630809;
440;0.267104609166;
441;0.438814243598;
442;0.493195682153;
443;0.415470765202;
444;0.225984310629;
445;-0.024585495477;
446;-0.268504329493;
447;-0.439937659541;
448;-0.493277120661;
449;-0.414783998874;
450;-0.225569603042;
451;0.023955630809;
452;0.267104609166;
453;0.438814243598;
454;0.493195682153;
455;0.415470765202;
456;0.225984310629;
457;-0.024585495477;
458;-0.268504329493;
459;-0.439937659541;
460;-0.493277120661;
461;-0.414783998874;
462;-0.225569603042;
463;0.023955630809;
464;0.267104609166;
465;0.438814243598;
466;0.493195682153;
467;0.415470765202;
468;0.225984310629;
469;-0.024585495477;
470;-0.268504329493;
471;-0.439937659541;
472;-0.493277120661;
473;-0.414783998874;
474;-0.225569603042;
475;0.023955630809;
476;0.267104609166;
477;0.438814243598;
478;0.493195682153;
479;0.415470765202;
480;0.225984310629;
481;-0.024585495477;
482;-0.268504329493;
483;-0.439937659541;
484;-0.493277120661;
485;-0.414783998874;
486;-0.225569603042;
487;0.023955630809;
488;0.267104609166;
489;0.438814243598;
490;0.493195682153;
491;0.415470765202;
492;0.225984310629;
493;-0.024585495477;
494;-0.268504329493;
495;-0.439937659541;
496;-0.493277120661;
497;-0.414783998874;
498;-0.225569603042;
499;0.023955630809;
500;0.267104609166;
501;0.438814243598;
502;0.493195682153;
503;0.415470765202;
504;0.225984310629;
505;-0.024585495477;
506;-0.268504329493;
507;-0.439937659541;
508;-0.493277120661;
509;-0.414783998874;
510;-0.225569603042;
511;0.023955630809;
512;0.267104609166;
513;0.438814243598;
514;0.493195682153;
515;0.415470765202;
516;0.225984310629;
517;-0.024585495477;
518;-0.268504329493;
519;-0.439937659541;
520;-0.493277120661;
521;-0.414783998874;
522;-0.225569603042;
523;0.023955630809;
524;0.267104609166;
525;0.438814243598;
526;0.493195682153;
527;0.415470765202;
528;0.225984310629;
529;-0.024585495477;
530;-0.268504329493;
531;-0.439937659541;
532;-0.493277120661;
533;-0.414783998874;
534;-0.225569603042;
535;0.023955630809;
536;0.267104609166;
537;0.438814243598;
538;0.493195682153;
539;0.415470765202;
540;0.225984310629;
541;-0.024585495477;
542;-0.268504329493;
543;-0.439937659541;
544;-0.493277120661;
545;-0.414783998874;
546;-0.225569603042;
547;0.023955630809;
548;0.267104609166;
549;0.438814243598;
550;0.493195682153;
551;0.415470765202;
552;0.225984310629;
553;-0.024585495477;
554;-0.268504329493;
555;-0.439937659541;
556;-0.493277120661;
557;-0.414783998874;
558;-0.225569603042;
559;0.023955630809;
560;0.267104609166;
561;0.438814243598;
562;0.493195682153;
563;0.415470765202;
564;0.225984310629;
565;-0.024585495477;
566;-0.268504329493;
567;-0.439937659541;
568;-0.493277120661;
569;-0.414783998874;
570;-0.225569603042;
571;0.023955630809;
572;0.267104609166;
573;0.438814243598;
574;0.493195682153;
575;0.415470765202;
576;0.225984310629;
577;-0.024585495477;
578;-0.268504329493;
579;-0.439937659541;
580;-0.493277120661;
581;-0.414783998874;
582;-0.225569603042;
583;0.023955630809;
584;0.267104609166;
585;0.438814243598;
586;0.493195682153;
587;0.415470765202;
588;0.225984310629;
589;-0.024585495477;
590;-0.268504329493;
591;-0.439937659541;
592;-0.493277120661;
593;-0.414783998874;
594;-0.225569603042;
595;0.023955630809;
596;0.267104609166;
597;0.438814243598;
598;0.493195682153;
599;0.415470765202;
600;0.225984310629;
601;-0.024585495477;
602;-0.268504329493;
603;-0.439937659541;
604;-0.493277120661;
605;-0.414783998874;
606;-0.225569603042;
607;0.023955630809;
608;0.267104609166;
609;0.438814243598;
610;0.493195682153;
611;0.415470765202;
612;0.225984310629;
613;-0.024585495477;
614;-0.268504329493;
615;-0.439937659541;
616;-0.493277120661;
617;-0.414783998874;
618;-0.225569603042;
619;0.023955630809;
620;0.267104609166;
621;0.438814243598;
622;0.493195682153;
623;0.415470765202;
624;0.225984310629;
625;-0.024585495477;
626;-0.268504329493;
627;-0.439937659541;
628;-0.493277120661;
629;-0.414783998874;
630;-0.225569603042;
631;0.023955630809;
632;0.267104609166;
633;0.438814243598;
634;0.493195682153;
635;0.415470765202;
636;0.225984310629;
637;-0.024585495477;
638;-0.268504329493;
639;-0.439937659541;
640;-0.493277120661;
641;-0.414783998874;
642;-0.225569603042;
643;0.023955630809;
644;0.267104609166;
645;0.438814243598;
646;0.493195682153;
647;0.415470765202;
648;0.225984310629;
649;-0.024585495477;
650;-0.268504329493;
651;-0.439937659541;
652;-0.493277120661;
653;-0.414783998874;
654;-0.225569603042;
655;0.023955630809;
656;0.267104609166;
657;0.438814243598;
658;0.493195682153;
659;0.415470765202;
660;0.225984310629;
661;-0.024585495477;
662;-0.268504329493;
663;-0.439937659541;
664;-0.493277120661;
665;-0.414783998874;
666;-0.225569603042;
667;0.023955630809;
668;0.267104609166;
669;0.438814243598;
670;0.493195682153;
671;0.415470765202;
672;0.225984310629;
673;-0.024585495477;
674;-0.268504329493;
675;-0.439937659541;
676;-0.493277120661;
677;-0.414783998874;
678;-0.225569603042;
679;0.023955630809;
680;0.267104609166;
681;0.438814243598;
682;0.493195682153;
683;0.415470765202;
684;0.225984310629;
685;-0.024585495477;
686;-0.268504329493;
687;-0.439937659541;
688;-0.493277120661;
689;-0.414783998874;
690;-0.225569603042;
691;0.023955630809;
692;0.267104609166;
693;0.438814243598;
694;0.493195682153;
695;0.415470765202;
696;0.225984310629;
697;-0.024585495477;
698;-0.268504329493;
699;-0.439937659541;
700;-0.493277120661;
701;-0.414783998874;
702;-0.225569603042;
703;0.023955630809;
704;0.267104609166;
705;0.438814243598;
706;0.493195682153;
707;0.415470765202;
708;0.225984310629;
709;-0.024585495477;
710;-0.268504329493;
711;-0.439937659541;
712;-0.493277120661;
713;-0.414783998874;
714;-0.225569603042;
