0;0.779161538800;
1;1.299065196098;
2;0.479104671754;
3;-0.483894597891;
4;-0.593945588259;
5;-0.408880280829;
6;-0.233292262133;
7;0.005877156069;
8;0.251725934701;
9;0.430240044051;
10;0.493719917244;
11;0.424983199678;
12;0.241964918788;
13;-0.006433457040;
14;-0.253099132648;
15;-0.431414004862;
16;-0.493878613276;
17;-0.424322987025;
18;-0.241499928803;
19;0.005881698288;
20;0.251725934701;
21;0.430240044051;
22;0.493719917244;
23;0.424983199678;
24;0.241964918788;
25;-0.006433457040;
26;-0.253099132648;
27;-0.431414004862;
28;-0.493878613276;
29;-0.424322987025;
30;-0.241499928803;
31;0.005881698288;
32;0.251725934701;
33;0.430240044051;
34;0.493719917244;
35;0.424983199678;
36;0.241964918788;
37;-0.006433457040;
38;-0.253099132648;
39;-0.431414004862;
40;-0.493878613276;
41;-0.424322987025;
42;-0.241499928803;
43;0.005881698288;
44;0.251725934701;
45;0.430240044051;
46;0.493719917244;
47;0.424983199678;
48;0.241964918788;
49;-0.006433457040;
50;-0.253099132648;
51;-0.431414004862;
52;-0.493878613276;
53;-0.424322987025;
54;-0.241499928803;
55;0.005881698288;
56;0.251725934701;
57;0.430240044051;
58;0.493719917244;
59;0.424983199678;
60;0.241964918788;
61;-0.006433457040;
62;-0.253099132648;
63;-0.431414004862;
64;-0.493878613276;
65;-0.424322987025;
66;-0.241499928803;
67;0.005881698288;
68;0.251725934701;
69;0.430240044051;
70;0.493719917244;
71;0.424983199678;
72;0.241964918788;
73;-0.006433457040;
74;-0.253099132648;
75;-0.431414004862;
76;-0.493878613276;
77;-0.424322987025;
78;-0.241499928803;
79;0.005881698288;
80;0.251725934701;
81;0.430240044051;
82;0.493719917244;
83;0.424983199678;
84;0.241964918788;
85;-0.006433457040;
86;-0.253099132648;
87;-0.431414004862;
88;-0.493878613276;
89;-0.424322987025;
90;-0.241499928803;
91;0.005881698288;
92;0.251725934701;
93;0.430240044051;
94;0.493719917244;
95;0.424983199678;
96;0.241964918788;
97;-0.006433457040;
98;-0.253099132648;
99;-0.431414004862;
100;-0.493878613276;
101;-0.424322987025;
102;-0.241499928803;
103;0.005881698288;
104;0.251725934701;
105;0.430240044051;
106;0.493719917244;
107;0.424983199678;
108;0.241964918788;
109;-0.006433457040;
110;-0.253099132648;
111;-0.431414004862;
112;-0.493878613276;
113;-0.424322987025;
114;-0.241499928803;
115;0.005881698288;
116;0.251725934701;
117;0.430240044051;
118;0.493719917244;
119;0.424983199678;
120;0.241964918788;
121;-0.006433457040;
122;-0.253099132648;
123;-0.431414004862;
124;-0.493878613276;
125;-0.424322987025;
126;-0.241499928803;
127;0.005881698288;
128;0.251725934701;
129;0.430240044051;
130;0.493719917244;
131;0.424983199678;
132;0.241964918788;
133;-0.006433457040;
134;-0.253099132648;
135;-0.431414004862;
136;-0.493878613276;
137;-0.424322987025;
138;-0.241499928803;
139;0.005881698288;
140;0.251725934701;
141;0.430240044051;
142;0.493719917244;
143;0.424983199678;
144;0.241964918788;
145;-0.006433457040;
146;-0.253099132648;
147;-0.431414004862;
148;-0.493878613276;
149;-0.424322987025;
150;-0.241499928803;
151;0.005881698288;
152;0.251725934701;
153;0.430240044051;
154;0.493719917244;
155;0.424983199678;
156;0.241964918788;
157;-0.006433457040;
158;-0.253099132648;
159;-0.431414004862;
160;-0.493878613276;
161;-0.424322987025;
162;-0.241499928803;
163;0.005881698288;
164;0.251725934701;
165;0.430240044051;
166;0.493719917244;
167;0.424983199678;
168;0.241964918788;
169;-0.006433457040;
170;-0.253099132648;
171;-0.431414004862;
172;-0.493878613276;
173;-0.424322987025;
174;-0.241499928803;
175;0.005881698288;
176;0.251725934701;
177;0.430240044051;
178;0.493719917244;
179;0.424983199678;
180;0.241964918788;
181;-0.006433457040;
182;-0.253099132648;
183;-0.431414004862;
184;-0.493878613276;
185;-0.424322987025;
186;-0.241499928803;
187;0.005881698288;
188;0.251725934701;
189;0.430240044051;
190;0.493719917244;
191;0.424983199678;
192;0.241964918788;
193;-0.006433457040;
194;-0.253099132648;
195;-0.431414004862;
196;-0.493878613276;
197;-0.424322987025;
198;-0.241499928803;
199;0.005881698288;
200;0.251725934701;
201;0.430240044051;
202;0.493719917244;
203;0.424983199678;
204;0.241964918788;
205;-0.006433457040;
206;-0.253099132648;
207;-0.431414004862;
208;-0.493878613276;
209;-0.424322987025;
210;-0.241499928803;
211;0.005881698288;
212;0.251725934701;
213;0.430240044051;
214;0.493719917244;
215;0.424983199678;
216;0.241964918788;
217;-0.006433457040;
218;-0.253099132648;
219;-0.431414004862;
220;-0.493878613276;
221;-0.424322987025;
222;-0.241499928803;
223;0.005881698288;
224;0.251725934701;
225;0.430240044051;
226;0.493719917244;
227;0.424983199678;
228;0.241964918788;
229;-0.006433457040;
230;-0.253099132648;
231;-0.431414004862;
232;-0.493878613276;
233;-0.424322987025;
234;-0.241499928803;
235;0.005881698288;
236;0.251725934701;
237;0.430240044051;
238;0.493719917244;
239;0.424983199678;
240;0.241964918788;
241;-0.006433457040;
242;-0.253099132648;
243;-0.431414004862;
244;-0.493878613276;
245;-0.424322987025;
246;-0.241499928803;
247;0.005881698288;
248;0.251725934701;
249;0.430240044051;
250;0.493719917244;
251;0.424983199678;
252;0.241964918788;
253;-0.006433457040;
254;-0.253099132648;
255;-0.431414004862;
256;-0.493878613276;
257;-0.424322987025;
258;-0.241499928803;
259;0.005881698288;
260;0.251725934701;
261;0.430240044051;
262;0.493719917244;
263;0.424983199678;
264;0.241964918788;
265;-0.006433457040;
266;-0.253099132648;
267;-0.431414004862;
268;-0.493878613276;
269;-0.424322987025;
270;-0.241499928803;
271;0.005881698288;
272;0.251725934701;
273;0.430240044051;
274;0.493719917244;
275;0.424983199678;
276;0.241964918788;
277;-0.006433457040;
278;-0.253099132648;
279;-0.431414004862;
280;-0.493878613276;
281;-0.424322987025;
282;-0.241499928803;
283;0.005881698288;
284;0.251725934701;
285;0.430240044051;
286;0.493719917244;
287;0.424983199678;
288;0.241964918788;
289;-0.006433457040;
290;-0.253099132648;
291;-0.431414004862;
292;-0.493878613276;
293;-0.424322987025;
294;-0.241499928803;
295;0.005881698288;
296;0.251725934701;
297;0.430240044051;
298;0.493719917244;
299;0.424983199678;
300;0.241964918788;
301;-0.006433457040;
302;-0.253099132648;
303;-0.431414004862;
304;-0.493878613276;
305;-0.424322987025;
306;-0.241499928803;
307;0.005881698288;
308;0.251725934701;
309;0.430240044051;
310;0.493719917244;
311;0.424983199678;
312;0.241964918788;
313;-0.006433457040;
314;-0.253099132648;
315;-0.431414004862;
316;-0.493878613276;
317;-0.424322987025;
318;-0.241499928803;
319;0.005881698288;
320;0.251725934701;
321;0.430240044051;
322;0.493719917244;
323;0.424983199678;
324;0.241964918788;
325;-0.006433457040;
326;-0.253099132648;
327;-0.431414004862;
328;-0.493878613276;
329;-0.424322987025;
330;-0.241499928803;
331;0.005881698288;
332;0.251725934701;
333;0.430240044051;
334;0.493719917244;
335;0.424983199678;
336;0.241964918788;
337;-0.006433457040;
338;-0.253099132648;
339;-0.431414004862;
340;-0.493878613276;
341;-0.424322987025;
342;-0.241499928803;
343;0.005881698288;
344;0.251725934701;
345;0.430240044051;
346;0.493719917244;
347;0.424983199678;
348;0.241964918788;
349;-0.006433457040;
350;-0.253099132648;
351;-0.431414004862;
352;-0.493878613276;
353;-0.424322987025;
354;-0.241499928803;
355;0.005881698288;
356;0.251725934701;
357;0.430240044051;
358;0.493719917244;
359;0.424983199678;
360;0.241964918788;
361;-0.006433457040;
362;-0.253099132648;
363;-0.431414004862;
364;-0.493878613276;
365;-0.424322987025;
366;-0.241499928803;
367;0.005881698288;
368;0.251725934701;
369;0.430240044051;
370;0.493719917244;
371;0.424983199678;
372;0.241964918788;
373;-0.006433457040;
374;-0.253099132648;
375;-0.431414004862;
376;-0.493878613276;
377;-0.424322987025;
378;-0.241499928803;
379;0.005881698288;
380;0.251725934701;
381;0.430240044051;
382;0.493719917244;
383;0.424983199678;
384;0.241964918788;
385;-0.006433457040;
386;-0.253099132648;
387;-0.431414004862;
388;-0.493878613276;
389;-0.424322987025;
390;-0.241499928803;
391;0.005881698288;
392;0.251725934701;
393;0.430240044051;
394;0.493719917244;
395;0.424983199678;
396;0.241964918788;
397;-0.006433457040;
398;-0.253099132648;
399;-0.431414004862;
400;-0.493878613276;
401;-0.424322987025;
402;-0.241499928803;
403;0.005881698288;
404;0.251725934701;
405;0.430240044051;
406;0.493719917244;
407;0.424983199678;
408;0.241964918788;
409;-0.006433457040;
410;-0.253099132648;
411;-0.431414004862;
412;-0.493878613276;
413;-0.424322987025;
414;-0.241499928803;
415;0.005881698288;
416;0.251725934701;
417;0.430240044051;
418;0.493719917244;
419;0.424983199678;
420;0.241964918788;
421;-0.006433457040;
422;-0.253099132648;
423;-0.431414004862;
424;-0.493878613276;
425;-0.424322987025;
426;-0.241499928803;
427;0.005881698288;
428;0.251725934701;
429;0.430240044051;
430;0.493719917244;
431;0.424983199678;
432;0.241964918788;
433;-0.006433457040;
434;-0.253099132648;
435;-0.431414004862;
436;-0.493878613276;
437;-0.424322987025;
438;-0.241499928803;
439;0.005881698288;
440;0.251725934701;
441;0.430240044051;
442;0.493719917244;
443;0.424983199678;
444;0.241964918788;
445;-0.006433457040;
446;-0.253099132648;
447;-0.431414004862;
448;-0.493878613276;
449;-0.424322987025;
450;-0.241499928803;
451;0.005881698288;
452;0.251725934701;
453;0.430240044051;
454;0.493719917244;
455;0.424983199678;
456;0.241964918788;
457;-0.006433457040;
458;-0.253099132648;
459;-0.431414004862;
460;-0.493878613276;
461;-0.424322987025;
462;-0.241499928803;
463;0.005881698288;
464;0.251725934701;
465;0.430240044051;
466;0.493719917244;
467;0.424983199678;
468;0.241964918788;
469;-0.006433457040;
470;-0.253099132648;
471;-0.431414004862;
472;-0.493878613276;
473;-0.424322987025;
474;-0.241499928803;
475;0.005881698288;
476;0.251725934701;
477;0.430240044051;
478;0.493719917244;
479;0.424983199678;
480;0.241964918788;
481;-0.006433457040;
482;-0.253099132648;
483;-0.431414004862;
484;-0.493878613276;
485;-0.424322987025;
486;-0.241499928803;
487;0.005881698288;
488;0.251725934701;
489;0.430240044051;
490;0.493719917244;
491;0.424983199678;
492;0.241964918788;
493;-0.006433457040;
494;-0.253099132648;
495;-0.431414004862;
496;-0.493878613276;
497;-0.424322987025;
498;-0.241499928803;
499;0.005881698288;
500;0.251725934701;
501;0.430240044051;
502;0.493719917244;
503;0.424983199678;
504;0.241964918788;
505;-0.006433457040;
506;-0.253099132648;
507;-0.431414004862;
508;-0.493878613276;
509;-0.424322987025;
510;-0.241499928803;
511;0.005881698288;
512;0.251725934701;
513;0.430240044051;
514;0.493719917244;
515;0.424983199678;
516;0.241964918788;
517;-0.006433457040;
518;-0.253099132648;
519;-0.431414004862;
520;-0.493878613276;
521;-0.424322987025;
522;-0.241499928803;
523;0.005881698288;
524;0.251725934701;
525;0.430240044051;
526;0.493719917244;
527;0.424983199678;
528;0.241964918788;
529;-0.006433457040;
530;-0.253099132648;
531;-0.431414004862;
532;-0.493878613276;
533;-0.424322987025;
534;-0.241499928803;
535;0.005881698288;
536;0.251725934701;
537;0.430240044051;
538;0.493719917244;
539;0.424983199678;
540;0.241964918788;
541;-0.006433457040;
542;-0.253099132648;
543;-0.431414004862;
544;-0.493878613276;
545;-0.424322987025;
546;-0.241499928803;
547;0.005881698288;
548;0.251725934701;
549;0.430240044051;
550;0.493719917244;
551;0.424983199678;
552;0.241964918788;
553;-0.006433457040;
554;-0.253099132648;
555;-0.431414004862;
556;-0.493878613276;
557;-0.424322987025;
558;-0.241499928803;
559;0.005881698288;
560;0.251725934701;
561;0.430240044051;
562;0.493719917244;
563;0.424983199678;
564;0.241964918788;
565;-0.006433457040;
566;-0.253099132648;
567;-0.431414004862;
568;-0.493878613276;
569;-0.424322987025;
570;-0.241499928803;
571;0.005881698288;
572;0.251725934701;
573;0.430240044051;
574;0.493719917244;
575;0.424983199678;
576;0.241964918788;
577;-0.006433457040;
578;-0.253099132648;
579;-0.431414004862;
580;-0.493878613276;
581;-0.424322987025;
582;-0.241499928803;
583;0.005881698288;
584;0.251725934701;
585;0.430240044051;
586;0.493719917244;
587;0.424983199678;
588;0.241964918788;
589;-0.006433457040;
590;-0.253099132648;
591;-0.431414004862;
592;-0.493878613276;
593;-0.424322987025;
594;-0.241499928803;
595;0.005881698288;
596;0.251725934701;
597;0.430240044051;
598;0.493719917244;
599;0.424983199678;
600;0.241964918788;
601;-0.006433457040;
602;-0.253099132648;
603;-0.431414004862;
604;-0.493878613276;
605;-0.424322987025;
606;-0.241499928803;
607;0.005881698288;
608;0.251725934701;
609;0.430240044051;
610;0.493719917244;
611;0.424983199678;
612;0.241964918788;
613;-0.006433457040;
614;-0.253099132648;
615;-0.431414004862;
616;-0.493878613276;
617;-0.424322987025;
618;-0.241499928803;
619;0.005881698288;
620;0.251725934701;
621;0.430240044051;
622;0.493719917244;
623;0.424983199678;
624;0.241964918788;
625;-0.006433457040;
626;-0.253099132648;
627;-0.431414004862;
628;-0.493878613276;
629;-0.424322987025;
630;-0.241499928803;
631;0.005881698288;
632;0.251725934701;
633;0.430240044051;
634;0.493719917244;
635;0.424983199678;
636;0.241964918788;
637;-0.006433457040;
638;-0.253099132648;
639;-0.431414004862;
640;-0.493878613276;
641;-0.424322987025;
642;-0.241499928803;
643;0.005881698288;
644;0.251725934701;
645;0.430240044051;
646;0.493719917244;
647;0.424983199678;
648;0.241964918788;
649;-0.006433457040;
650;-0.253099132648;
651;-0.431414004862;
652;-0.493878613276;
653;-0.424322987025;
654;-0.241499928803;
655;0.005881698288;
656;0.251725934701;
657;0.430240044051;
658;0.493719917244;
659;0.424983199678;
660;0.241964918788;
661;-0.006433457040;
662;-0.253099132648;
663;-0.431414004862;
664;-0.493878613276;
665;-0.424322987025;
666;-0.241499928803;
667;0.005881698288;
668;0.251725934701;
669;0.430240044051;
670;0.493719917244;
671;0.424983199678;
672;0.241964918788;
673;-0.006433457040;
674;-0.253099132648;
675;-0.431414004862;
676;-0.493878613276;
677;-0.424322987025;
678;-0.241499928803;
679;0.005881698288;
680;0.251725934701;
681;0.430240044051;
682;0.493719917244;
683;0.424983199678;
684;0.241964918788;
685;-0.006433457040;
686;-0.253099132648;
687;-0.431414004862;
688;-0.493878613276;
689;-0.424322987025;
690;-0.241499928803;
691;0.005881698288;
692;0.251725934701;
693;0.430240044051;
694;0.493719917244;
695;0.424983199678;
696;0.241964918788;
697;-0.006433457040;
698;-0.253099132648;
699;-0.431414004862;
700;-0.493878613276;
701;-0.424322987025;
702;-0.241499928803;
703;0.005881698288;
704;0.251725934701;
705;0.430240044051;
706;0.493719917244;
707;0.424983199678;
708;0.241964918788;
709;-0.006433457040;
710;-0.253099132648;
711;-0.431414004862;
712;-0.493878613276;
713;-0.424322987025;
714;-0.241499928803;
