0;37.263934000877;
1;-51.285376170137;
2;-62.174063704346;
3;-5.677957076227;
4;11.770115877525;
5;10.246422154082;
6;14.345319665515;
7;14.985230945171;
8;11.011556831030;
9;4.096372374165;
10;-3.926191748131;
11;-10.927823651190;
12;-15.009588413389;
13;-15.039966802590;
14;-11.003583916191;
15;-4.036251684483;
16;3.976486152342;
17;10.915954655149;
18;14.946219643323;
19;14.985230968181;
20;11.011556831030;
21;4.096372374165;
22;-3.926191748131;
23;-10.927823651190;
24;-15.009588413389;
25;-15.039966802590;
26;-11.003583916191;
27;-4.036251684483;
28;3.976486152342;
29;10.915954655149;
30;14.946219643323;
31;14.985230968181;
32;11.011556831030;
33;4.096372374165;
34;-3.926191748131;
35;-10.927823651190;
36;-15.009588413389;
37;-15.039966802590;
38;-11.003583916191;
39;-4.036251684483;
40;3.976486152342;
41;10.915954655149;
42;14.946219643323;
43;14.985230968181;
44;11.011556831030;
45;4.096372374165;
46;-3.926191748131;
47;-10.927823651190;
48;-15.009588413389;
49;-15.039966802590;
50;-11.003583916191;
51;-4.036251684483;
52;3.976486152342;
53;10.915954655149;
54;14.946219643323;
55;14.985230968181;
56;11.011556831030;
57;4.096372374165;
58;-3.926191748131;
59;-10.927823651190;
60;-15.009588413389;
61;-15.039966802590;
62;-11.003583916191;
63;-4.036251684483;
64;3.976486152342;
65;10.915954655149;
66;14.946219643323;
67;14.985230968181;
68;11.011556831030;
69;4.096372374165;
70;-3.926191748131;
71;-10.927823651190;
72;-15.009588413389;
73;-15.039966802590;
74;-11.003583916191;
75;-4.036251684483;
76;3.976486152342;
77;10.915954655149;
78;14.946219643323;
79;14.985230968181;
80;11.011556831030;
81;4.096372374165;
82;-3.926191748131;
83;-10.927823651190;
84;-15.009588413389;
85;-15.039966802590;
86;-11.003583916191;
87;-4.036251684483;
88;3.976486152342;
89;10.915954655149;
90;14.946219643323;
91;14.985230968181;
92;11.011556831030;
93;4.096372374165;
94;-3.926191748131;
95;-10.927823651190;
96;-15.009588413389;
97;-15.039966802590;
98;-11.003583916191;
99;-4.036251684483;
100;3.976486152342;
101;10.915954655149;
102;14.946219643323;
103;14.985230968181;
104;11.011556831030;
105;4.096372374165;
106;-3.926191748131;
107;-10.927823651190;
108;-15.009588413389;
109;-15.039966802590;
110;-11.003583916191;
111;-4.036251684483;
112;3.976486152342;
113;10.915954655149;
114;14.946219643323;
115;14.985230968181;
116;11.011556831030;
117;4.096372374165;
118;-3.926191748131;
119;-10.927823651190;
120;-15.009588413389;
121;-15.039966802590;
122;-11.003583916191;
123;-4.036251684483;
124;3.976486152342;
125;10.915954655149;
126;14.946219643323;
127;14.985230968181;
128;11.011556831030;
129;4.096372374165;
130;-3.926191748131;
131;-10.927823651190;
132;-15.009588413389;
133;-15.039966802590;
134;-11.003583916191;
135;-4.036251684483;
136;3.976486152342;
137;10.915954655149;
138;14.946219643323;
139;14.985230968181;
140;11.011556831030;
141;4.096372374165;
142;-3.926191748131;
143;-10.927823651190;
144;-15.009588413389;
145;-15.039966802590;
146;-11.003583916191;
147;-4.036251684483;
148;3.976486152342;
149;10.915954655149;
150;14.946219643323;
151;14.985230968181;
152;11.011556831030;
153;4.096372374165;
154;-3.926191748131;
155;-10.927823651190;
156;-15.009588413389;
157;-15.039966802590;
158;-11.003583916191;
159;-4.036251684483;
160;3.976486152342;
161;10.915954655149;
162;14.946219643323;
163;14.985230968181;
164;11.011556831030;
165;4.096372374165;
166;-3.926191748131;
167;-10.927823651190;
168;-15.009588413389;
169;-15.039966802590;
170;-11.003583916191;
171;-4.036251684483;
172;3.976486152342;
173;10.915954655149;
174;14.946219643323;
175;14.985230968181;
176;11.011556831030;
177;4.096372374165;
178;-3.926191748131;
179;-10.927823651190;
180;-15.009588413389;
181;-15.039966802590;
182;-11.003583916191;
183;-4.036251684483;
184;3.976486152342;
185;10.915954655149;
186;14.946219643323;
187;14.985230968181;
188;11.011556831030;
189;4.096372374165;
190;-3.926191748131;
191;-10.927823651190;
192;-15.009588413389;
193;-15.039966802590;
194;-11.003583916191;
195;-4.036251684483;
196;3.976486152342;
197;10.915954655149;
198;14.946219643323;
199;14.985230968181;
200;11.011556831030;
201;4.096372374165;
202;-3.926191748131;
203;-10.927823651190;
204;-15.009588413389;
205;-15.039966802590;
206;-11.003583916191;
207;-4.036251684483;
208;3.976486152342;
209;10.915954655149;
210;14.946219643323;
211;14.985230968181;
212;11.011556831030;
213;4.096372374165;
214;-3.926191748131;
215;-10.927823651190;
216;-15.009588413389;
217;-15.039966802590;
218;-11.003583916191;
219;-4.036251684483;
220;3.976486152342;
221;10.915954655149;
222;14.946219643323;
223;14.985230968181;
224;11.011556831030;
225;4.096372374165;
226;-3.926191748131;
227;-10.927823651190;
228;-15.009588413389;
229;-15.039966802590;
230;-11.003583916191;
231;-4.036251684483;
232;3.976486152342;
233;10.915954655149;
234;14.946219643323;
235;14.985230968181;
236;11.011556831030;
237;4.096372374165;
238;-3.926191748131;
239;-10.927823651190;
240;-15.009588413389;
241;-15.039966802590;
242;-11.003583916191;
243;-4.036251684483;
244;3.976486152342;
245;10.915954655149;
246;14.946219643323;
247;14.985230968181;
248;11.011556831030;
249;4.096372374165;
250;-3.926191748131;
251;-10.927823651190;
252;-15.009588413389;
253;-15.039966802590;
254;-11.003583916191;
255;-4.036251684483;
256;3.976486152342;
257;10.915954655149;
258;14.946219643323;
259;14.985230968181;
260;11.011556831030;
261;4.096372374165;
262;-3.926191748131;
263;-10.927823651190;
264;-15.009588413389;
265;-15.039966802590;
266;-11.003583916191;
267;-4.036251684483;
268;3.976486152342;
269;10.915954655149;
270;14.946219643323;
271;14.985230968181;
272;11.011556831030;
273;4.096372374165;
274;-3.926191748131;
275;-10.927823651190;
276;-15.009588413389;
277;-15.039966802590;
278;-11.003583916191;
279;-4.036251684483;
280;3.976486152342;
281;10.915954655149;
282;14.946219643323;
283;14.985230968181;
284;11.011556831030;
285;4.096372374165;
286;-3.926191748131;
287;-10.927823651190;
288;-15.009588413389;
289;-15.039966802590;
290;-11.003583916191;
291;-4.036251684483;
292;3.976486152342;
293;10.915954655149;
294;14.946219643323;
295;14.985230968181;
296;11.011556831030;
297;4.096372374165;
298;-3.926191748131;
299;-10.927823651190;
300;-15.009588413389;
301;-15.039966802590;
302;-11.003583916191;
303;-4.036251684483;
304;3.976486152342;
305;10.915954655149;
306;14.946219643323;
307;14.985230968181;
308;11.011556831030;
309;4.096372374165;
310;-3.926191748131;
311;-10.927823651190;
312;-15.009588413389;
313;-15.039966802590;
314;-11.003583916191;
315;-4.036251684483;
316;3.976486152342;
317;10.915954655149;
318;14.946219643323;
319;14.985230968181;
320;11.011556831030;
321;4.096372374165;
322;-3.926191748131;
323;-10.927823651190;
324;-15.009588413389;
325;-15.039966802590;
326;-11.003583916191;
327;-4.036251684483;
328;3.976486152342;
329;10.915954655149;
330;14.946219643323;
331;14.985230968181;
332;11.011556831030;
333;4.096372374165;
334;-3.926191748131;
335;-10.927823651190;
336;-15.009588413389;
337;-15.039966802590;
338;-11.003583916191;
339;-4.036251684483;
340;3.976486152342;
341;10.915954655149;
342;14.946219643323;
343;14.985230968181;
344;11.011556831030;
345;4.096372374165;
346;-3.926191748131;
347;-10.927823651190;
348;-15.009588413389;
349;-15.039966802590;
350;-11.003583916191;
351;-4.036251684483;
352;3.976486152342;
353;10.915954655149;
354;14.946219643323;
355;14.985230968181;
356;11.011556831030;
357;4.096372374165;
358;-3.926191748131;
359;-10.927823651190;
360;-15.009588413389;
361;-15.039966802590;
362;-11.003583916191;
363;-4.036251684483;
364;3.976486152342;
365;10.915954655149;
366;14.946219643323;
367;14.985230968181;
368;11.011556831030;
369;4.096372374165;
370;-3.926191748131;
371;-10.927823651190;
372;-15.009588413389;
373;-15.039966802590;
374;-11.003583916191;
375;-4.036251684483;
376;3.976486152342;
377;10.915954655149;
378;14.946219643323;
379;14.985230968181;
380;11.011556831030;
381;4.096372374165;
382;-3.926191748131;
383;-10.927823651190;
384;-15.009588413389;
385;-15.039966802590;
386;-11.003583916191;
387;-4.036251684483;
388;3.976486152342;
389;10.915954655149;
390;14.946219643323;
391;14.985230968181;
392;11.011556831030;
393;4.096372374165;
394;-3.926191748131;
395;-10.927823651190;
396;-15.009588413389;
397;-15.039966802590;
398;-11.003583916191;
399;-4.036251684483;
400;3.976486152342;
401;10.915954655149;
402;14.946219643323;
403;14.985230968181;
404;11.011556831030;
405;4.096372374165;
406;-3.926191748131;
407;-10.927823651190;
408;-15.009588413389;
409;-15.039966802590;
410;-11.003583916191;
411;-4.036251684483;
412;3.976486152342;
413;10.915954655149;
414;14.946219643323;
415;14.985230968181;
416;11.011556831030;
417;4.096372374165;
418;-3.926191748131;
419;-10.927823651190;
420;-15.009588413389;
421;-15.039966802590;
422;-11.003583916191;
423;-4.036251684483;
424;3.976486152342;
425;10.915954655149;
426;14.946219643323;
427;14.985230968181;
428;11.011556831030;
429;4.096372374165;
430;-3.926191748131;
431;-10.927823651190;
432;-15.009588413389;
433;-15.039966802590;
434;-11.003583916191;
435;-4.036251684483;
436;3.976486152342;
437;10.915954655149;
438;14.946219643323;
439;14.985230968181;
440;11.011556831030;
441;4.096372374165;
442;-3.926191748131;
443;-10.927823651190;
444;-15.009588413389;
445;-15.039966802590;
446;-11.003583916191;
447;-4.036251684483;
448;3.976486152342;
449;10.915954655149;
450;14.946219643323;
451;14.985230968181;
452;11.011556831030;
453;4.096372374165;
454;-3.926191748131;
455;-10.927823651190;
456;-15.009588413389;
457;-15.039966802590;
458;-11.003583916191;
459;-4.036251684483;
460;3.976486152342;
461;10.915954655149;
462;14.946219643323;
463;14.985230968181;
464;11.011556831030;
465;4.096372374165;
466;-3.926191748131;
467;-10.927823651190;
468;-15.009588413389;
469;-15.039966802590;
470;-11.003583916191;
471;-4.036251684483;
472;3.976486152342;
473;10.915954655149;
474;14.946219643323;
475;14.985230968181;
476;11.011556831030;
477;4.096372374165;
478;-3.926191748131;
479;-10.927823651190;
480;-15.009588413389;
481;-15.039966802590;
482;-11.003583916191;
483;-4.036251684483;
484;3.976486152342;
485;10.915954655149;
486;14.946219643323;
487;14.985230968181;
488;11.011556831030;
489;4.096372374165;
490;-3.926191748131;
491;-10.927823651190;
492;-15.009588413389;
493;-15.039966802590;
494;-11.003583916191;
495;-4.036251684483;
496;3.976486152342;
497;10.915954655149;
498;14.946219643323;
499;14.985230968181;
500;11.011556831030;
501;4.096372374165;
502;-3.926191748131;
503;-10.927823651190;
504;-15.009588413389;
505;-15.039966802590;
506;-11.003583916191;
507;-4.036251684483;
508;3.976486152342;
509;10.915954655149;
510;14.946219643323;
511;14.985230968181;
512;11.011556831030;
513;4.096372374165;
514;-3.926191748131;
515;-10.927823651190;
516;-15.009588413389;
517;-15.039966802590;
518;-11.003583916191;
519;-4.036251684483;
520;3.976486152342;
521;10.915954655149;
522;14.946219643323;
523;14.985230968181;
524;11.011556831030;
525;4.096372374165;
526;-3.926191748131;
527;-10.927823651190;
528;-15.009588413389;
529;-15.039966802590;
530;-11.003583916191;
531;-4.036251684483;
532;3.976486152342;
533;10.915954655149;
534;14.946219643323;
535;14.985230968181;
536;11.011556831030;
537;4.096372374165;
538;-3.926191748131;
539;-10.927823651190;
540;-15.009588413389;
541;-15.039966802590;
542;-11.003583916191;
543;-4.036251684483;
544;3.976486152342;
545;10.915954655149;
546;14.946219643323;
547;14.985230968181;
548;11.011556831030;
549;4.096372374165;
550;-3.926191748131;
551;-10.927823651190;
552;-15.009588413389;
553;-15.039966802590;
554;-11.003583916191;
555;-4.036251684483;
556;3.976486152342;
557;10.915954655149;
558;14.946219643323;
559;14.985230968181;
560;11.011556831030;
561;4.096372374165;
562;-3.926191748131;
563;-10.927823651190;
564;-15.009588413389;
565;-15.039966802590;
566;-11.003583916191;
567;-4.036251684483;
568;3.976486152342;
569;10.915954655149;
570;14.946219643323;
571;14.985230968181;
572;11.011556831030;
573;4.096372374165;
574;-3.926191748131;
575;-10.927823651190;
576;-15.009588413389;
577;-15.039966802590;
578;-11.003583916191;
579;-4.036251684483;
580;3.976486152342;
581;10.915954655149;
582;14.946219643323;
583;14.985230968181;
584;11.011556831030;
585;4.096372374165;
586;-3.926191748131;
587;-10.927823651190;
588;-15.009588413389;
589;-15.039966802590;
590;-11.003583916191;
591;-4.036251684483;
592;3.976486152342;
593;10.915954655149;
594;14.946219643323;
595;14.985230968181;
596;11.011556831030;
597;4.096372374165;
598;-3.926191748131;
599;-10.927823651190;
600;-15.009588413389;
601;-15.039966802590;
602;-11.003583916191;
603;-4.036251684483;
604;3.976486152342;
605;10.915954655149;
606;14.946219643323;
607;14.985230968181;
608;11.011556831030;
609;4.096372374165;
610;-3.926191748131;
611;-10.927823651190;
612;-15.009588413389;
613;-15.039966802590;
614;-11.003583916191;
615;-4.036251684483;
616;3.976486152342;
617;10.915954655149;
618;14.946219643323;
619;14.985230968181;
620;11.011556831030;
621;4.096372374165;
622;-3.926191748131;
623;-10.927823651190;
624;-15.009588413389;
625;-15.039966802590;
626;-11.003583916191;
627;-4.036251684483;
628;3.976486152342;
629;10.915954655149;
630;14.946219643323;
631;14.985230968181;
632;11.011556831030;
633;4.096372374165;
634;-3.926191748131;
635;-10.927823651190;
636;-15.009588413389;
637;-15.039966802590;
638;-11.003583916191;
639;-4.036251684483;
640;3.976486152342;
641;10.915954655149;
642;14.946219643323;
643;14.985230968181;
644;11.011556831030;
645;4.096372374165;
646;-3.926191748131;
647;-10.927823651190;
648;-15.009588413389;
649;-15.039966802590;
650;-11.003583916191;
651;-4.036251684483;
652;3.976486152342;
653;10.915954655149;
654;14.946219643323;
655;14.985230968181;
656;11.011556831030;
657;4.096372374165;
658;-3.926191748131;
659;-10.927823651190;
660;-15.009588413389;
661;-15.039966802590;
662;-11.003583916191;
663;-4.036251684483;
664;3.976486152342;
665;10.915954655149;
666;14.946219643323;
667;14.985230968181;
668;11.011556831030;
669;4.096372374165;
670;-3.926191748131;
671;-10.927823651190;
672;-15.009588413389;
673;-15.039966802590;
674;-11.003583916191;
675;-4.036251684483;
676;3.976486152342;
677;10.915954655149;
678;14.946219643323;
679;14.985230968181;
680;11.011556831030;
681;4.096372374165;
682;-3.926191748131;
683;-10.927823651190;
684;-15.009588413389;
685;-15.039966802590;
686;-11.003583916191;
687;-4.036251684483;
688;3.976486152342;
689;10.915954655149;
690;14.946219643323;
691;14.985230968181;
692;11.011556831030;
693;4.096372374165;
694;-3.926191748131;
695;-10.927823651190;
696;-15.009588413389;
697;-15.039966802590;
698;-11.003583916191;
699;-4.036251684483;
700;3.976486152342;
701;10.915954655149;
702;14.946219643323;
703;14.985230968181;
704;11.011556831030;
705;4.096372374165;
706;-3.926191748131;
707;-10.927823651190;
708;-15.009588413389;
709;-15.039966802590;
710;-11.003583916191;
711;-4.036251684483;
712;3.976486152342;
713;10.915954655149;
714;14.946219643323;
