0;-2512.860620430135;
1;66.425562231653;
2;138.966252417985;
3;29.484472446640;
4;-30.936396920201;
5;1.491445031169;
6;-0.785936974841;
7;-1.017658443457;
8;-1.023071582233;
9;-0.998168510059;
10;-0.974027347644;
11;-0.986479939282;
12;-1.015720002162;
13;-1.025261069938;
14;-1.002929528708;
15;-0.974820260095;
16;-0.981203934423;
17;-1.011355764005;
18;-1.026851010442;
19;-1.010048914139;
20;-0.978715777600;
21;-0.975345831131;
22;-1.003494062689;
23;-1.026224724383;
24;-1.018310294066;
25;-0.987041460278;
26;-0.971436343750;
27;-0.992398488239;
28;-1.021275230461;
29;-1.025425080655;
30;-0.999729683659;
31;-0.973163423572;
32;-0.980135772517;
33;-1.010361794731;
34;-1.027734272721;
35;-1.014285127760;
36;-0.983472200264;
37;-0.971971906010;
38;-0.994115653551;
39;-1.021671251576;
40;-1.025206276103;
41;-1.001056824364;
42;-0.974873074439;
43;-0.978053050730;
44;-1.005854714143;
45;-1.026111571304;
46;-1.018766124083;
47;-0.991034526863;
48;-0.972772636386;
49;-0.985265518531;
50;-1.013113386370;
51;-1.026289650358;
52;-1.012669402602;
53;-0.985593909903;
54;-0.973800258616;
55;-0.990487083162;
56;-1.016306317254;
57;-1.024835277153;
58;-1.008992411531;
59;-0.983842939185;
60;-0.975451588043;
61;-0.992713565936;
62;-1.016431667466;
63;-1.023466118503;
64;-1.008199249574;
65;-0.984918034044;
66;-0.976749969333;
67;-0.992003161529;
68;-1.014250995229;
69;-1.022309437228;
70;-1.009907417231;
71;-0.988382455751;
72;-0.978068001364;
73;-0.989069773010;
74;-1.009809290268;
75;-1.020733707258;
76;-1.013155005458;
77;-0.994143614324;
78;-0.980593652277;
79;-0.985217949926;
80;-1.003121186554;
81;-1.017357670779;
82;-1.016235098629;
83;-1.001730979322;
84;-0.985840856295;
85;-0.982788815788;
86;-0.994941500770;
87;-1.010852473927;
88;-1.017007988687;
89;-1.009297820183;
90;-0.994354792475;
91;-0.984420143223;
92;-0.987867396326;
93;-1.001282925307;
94;-1.012979607075;
95;-1.013933365315;
96;-1.004291130994;
97;-0.991642051648;
98;-0.986049507834;
99;-0.991771603810;
100;-1.003822388919;
101;-1.012192228884;
102;-1.011163188203;
103;-1.002120372572;
104;-0.991971124514;
105;-0.988192927732;
106;-0.993614352063;
107;-1.003543989584;
108;-1.010365757331;
109;-1.009486670013;
110;-1.002197580748;
111;-0.993765507903;
112;-0.990226968326;
113;-0.993812006438;
114;-1.001684795276;
115;-1.007990062997;
116;-1.008501898089;
117;-1.003499638078;
118;-0.996592891599;
119;-0.992352907129;
120;-0.993519109601;
121;-0.999058305709;
122;-1.004936601675;
123;-1.007244519876;
124;-1.004965196276;
125;-0.999770963112;
126;-0.995271626805;
127;-0.993927184894;
128;-0.996606810200;
129;-1.001343637391;
130;-1.004948208585;
131;-1.005432563887;
132;-1.002760578837;
133;-0.998727407462;
134;-0.995829321321;
135;-0.995588068454;
136;-0.998074273697;
137;-1.001572035447;
138;-1.003971939468;
139;-1.004068647859;
140;-1.002032323639;
141;-0.999021139957;
142;-0.996909578599;
143;-0.996643865543;
144;-0.998308764180;
145;-1.000880177719;
146;-1.002840315629;
147;-1.003329277112;
148;-1.002085535716;
149;-1.000076786738;
150;-0.998002935943;
151;-0.997047842370;
152;-0.997636017356;
153;-0.999460472396;
154;-1.001636969740;
155;-1.003065730944;
156;-1.003096600662;
157;-1.001700958845;
158;-0.999601635100;
159;-0.997798731979;
160;-0.997137571956;
161;-0.997950509171;
162;-0.999805241638;
163;-1.001718689480;
164;-1.002924698067;
165;-1.002756028299;
166;-1.001414017876;
167;-0.999480401912;
168;-0.998027423893;
169;-0.997557605235;
170;-0.998317029775;
171;-0.999860686690;
172;-1.001541439177;
173;-1.002474291992;
174;-1.002345256453;
175;-1.001216651914;
176;-0.999652105628;
177;-0.998373436720;
178;-0.997939093000;
179;-0.998543402740;
180;-0.999876999723;
181;-1.001363671176;
182;-1.002232179568;
183;-1.002205944080;
184;-1.001248680095;
185;-0.999746966125;
186;-0.998405022428;
187;-0.997829685793;
188;-0.998167248055;
189;-0.999457663457;
190;-1.001090080009;
191;-1.002449414022;
192;-1.002917433595;
193;-1.002339198413;
194;-1.000834220318;
195;-0.998944817006;
196;-0.997360431641;
197;-0.996823759375;
198;-0.997412236106;
199;-0.998983727198;
200;-1.001157597809;
201;-1.003099925114;
202;-1.004200426934;
203;-1.003993455992;
204;-1.002501860330;
205;-1.000140854765;
206;-0.997609511308;
207;-0.995792048192;
208;-0.995169165416;
209;-0.996166392603;
210;-0.998218439234;
211;-1.001049517025;
212;-1.003749926636;
213;-1.005487896361;
214;-1.005945520528;
215;-1.004790536379;
216;-1.002313988160;
217;-0.999080601811;
218;-0.996046718524;
219;-0.993963696655;
220;-0.993411333509;
221;-0.994548585139;
222;-0.997089210023;
223;-1.000390871108;
224;-1.003766866551;
225;-1.006396325938;
226;-1.007662992064;
227;-1.007286890862;
228;-1.005305049529;
229;-1.002169508230;
230;-0.998403065634;
231;-0.994944339401;
232;-0.992535167914;
233;-0.991673851907;
234;-0.992519914309;
235;-0.994983418524;
236;-0.998393521477;
237;-1.002197964971;
238;-1.005659688915;
239;-1.008152430342;
240;-1.009201414029;
241;-1.008754709602;
242;-1.006609314837;
243;-1.003483386746;
244;-0.999629563727;
245;-0.995787202056;
246;-0.992727713392;
247;-0.990792526654;
248;-0.990417124958;
249;-0.991580343380;
250;-0.994002397996;
251;-0.997497226375;
252;-1.001246784985;
253;-1.004836612082;
254;-1.007750161756;
255;-1.009624956981;
256;-1.010195075505;
257;-1.009459822283;
258;-1.007447960072;
259;-1.004540251894;
260;-1.001022657206;
261;-0.997450420949;
262;-0.994189660193;
263;-0.991664896439;
264;-0.990157565628;
265;-0.989824393119;
266;-0.990717430369;
267;-0.992632369258;
268;-0.995369736666;
269;-0.998524686991;
270;-1.001772904705;
271;-1.004825351751;
272;-1.007370690958;
273;-1.009148690543;
274;-1.010068761673;
275;-1.010019982268;
276;-1.009205914216;
277;-1.007511599215;
278;-1.005292978522;
279;-1.002594361895;
280;-0.999817653117;
281;-0.997130727002;
282;-0.994608938727;
283;-0.992663469231;
284;-0.991293980553;
285;-0.990608238313;
286;-0.990634680320;
287;-0.991342082063;
288;-0.992600832854;
289;-0.994306630875;
290;-0.996374083087;
291;-0.998628934769;
292;-1.000802327050;
293;-1.002958589347;
294;-1.004792966827;
295;-1.006338222364;
296;-1.007496919136;
297;-1.008228541587;
298;-1.008523962375;
299;-1.008402797391;
300;-1.007884798223;
301;-1.007121903098;
302;-1.006018432058;
303;-1.004673398845;
304;-1.003234798271;
305;-1.001793410149;
306;-1.000257593122;
307;-0.998794558647;
308;-0.997499671552;
309;-0.996308579877;
310;-0.995326919149;
311;-0.994537480832;
312;-0.993972293543;
313;-0.993618303267;
314;-0.993480747995;
315;-0.993535978295;
316;-0.993788392170;
317;-0.994188515416;
318;-0.994688124972;
319;-0.995226483528;
320;-0.995999210856;
321;-0.996755234075;
322;-0.997547571111;
323;-0.998234426077;
324;-0.999001620634;
325;-0.999758974199;
326;-1.000400180115;
327;-1.001034430029;
328;-1.001572222109;
329;-1.002038964960;
330;-1.002476966756;
331;-1.002798124189;
332;-1.003094632423;
333;-1.003328602898;
334;-1.003476169551;
335;-1.003571727186;
336;-1.003641325302;
337;-1.003644540775;
338;-1.003620228143;
339;-1.003558662416;
340;-1.003473682969;
341;-1.003369787944;
342;-1.003241606256;
343;-1.003102227441;
344;-1.002971151136;
345;-1.002795203339;
346;-1.002636114323;
347;-1.002510760881;
348;-1.002320584169;
349;-1.002199423465;
350;-1.002057494028;
351;-1.001867922606;
352;-1.001788305210;
353;-1.001635860925;
354;-1.001534811171;
355;-1.001394417317;
356;-1.001271657094;
357;-1.001261195930;
358;-1.001096761914;
359;-1.001021548730;
360;-1.000961909603;
361;-1.001013373524;
362;-1.001190545083;
363;-1.001206449507;
364;-1.001334916970;
365;-1.001423991159;
366;-1.001508800018;
367;-1.001585612848;
368;-1.001690264285;
369;-1.001743129905;
370;-1.001828107373;
371;-1.001865295967;
372;-1.001981919609;
373;-1.002004265990;
374;-1.002045356142;
375;-1.002044590868;
376;-1.002087523596;
377;-1.002092871807;
378;-1.002089855219;
379;-1.002044193954;
380;-1.002016229422;
381;-1.001966799852;
382;-1.001889440919;
383;-1.001801719706;
384;-1.001690868716;
385;-1.001574230946;
386;-1.001416761947;
387;-1.001264424123;
388;-1.001066573876;
389;-1.000927694142;
390;-1.000651569220;
391;-1.000488377526;
392;-1.000261087057;
393;-0.999987753365;
394;-0.999802245982;
395;-0.999532923129;
396;-0.999379058141;
397;-0.999123800932;
398;-0.998966355764;
399;-0.998773908073;
400;-0.998681611518;
401;-0.998498207752;
402;-0.998447623902;
403;-0.998384216337;
404;-0.998369319713;
405;-0.998423903941;
406;-0.998457113197;
407;-0.998568604346;
408;-0.998703124143;
409;-0.998864509625;
410;-0.999028588761;
411;-0.999252565956;
412;-0.999435985539;
413;-0.999715364889;
414;-0.999902425258;
415;-1.000122024444;
416;-1.000333561666;
417;-1.000540951989;
418;-1.000645454128;
419;-1.000784313572;
420;-1.000914632673;
421;-1.000946645732;
422;-1.001017827057;
423;-1.001020557731;
424;-1.001009509390;
425;-1.000962164804;
426;-1.000933658162;
427;-1.000841259262;
428;-1.000781140045;
429;-1.000680518599;
430;-1.000565630395;
431;-1.000522145832;
432;-1.000379848506;
433;-1.000317518407;
434;-1.000160400876;
435;-1.000073012674;
436;-0.999968816487;
437;-0.999816934995;
438;-0.999695500970;
439;-0.999558793775;
440;-0.999448525563;
441;-0.999371838045;
442;-0.999198855051;
443;-0.999285612402;
444;-0.999311199747;
445;-0.999351808300;
446;-0.999484324354;
447;-0.999732203035;
448;-0.999992091013;
449;-1.000303270637;
450;-1.000622739470;
451;-1.000877491254;
452;-1.001202545420;
453;-1.001354947724;
454;-1.001408902363;
455;-1.001395498946;
456;-1.001242322876;
457;-1.000907625075;
458;-1.000528109938;
459;-1.000064102140;
460;-0.999608271690;
461;-0.999134457621;
462;-0.998844709386;
463;-0.998598893715;
464;-0.998535131109;
465;-0.998734023174;
466;-0.999080810105;
467;-0.999577247342;
468;-1.000162315028;
469;-1.000738635059;
470;-1.001270956194;
471;-1.001682732368;
472;-1.001843066264;
473;-1.001763653548;
474;-1.001440166325;
475;-1.000938262202;
476;-1.000314673729;
477;-0.999608987642;
478;-0.999008221366;
479;-0.998598877358;
480;-0.998365320839;
481;-0.998555242326;
482;-0.998882187463;
483;-0.999481161583;
484;-1.000192278373;
485;-1.000852587563;
486;-1.001391394555;
487;-1.001735778924;
488;-1.001738670626;
489;-1.001448839656;
490;-1.000924596245;
491;-1.000214549548;
492;-0.999638025993;
493;-0.999044298620;
494;-0.998635702816;
495;-0.998717852651;
496;-0.998963671597;
497;-0.999465409603;
498;-1.000084091145;
499;-1.000708109377;
500;-1.001126203326;
501;-1.001418329511;
502;-1.001255760305;
503;-1.000987353409;
504;-1.000497874212;
505;-0.999943318938;
506;-0.999454090756;
507;-0.999190496949;
508;-0.999161994095;
509;-0.999328783222;
510;-0.999677476676;
511;-1.000150106249;
512;-1.000442631640;
513;-1.000791225253;
514;-1.000810990405;
515;-1.000758076470;
516;-1.000519005346;
517;-1.000306887854;
518;-0.999921476346;
519;-0.999824073199;
520;-0.999685630526;
521;-0.999677663306;
522;-0.999738973426;
523;-0.999928899613;
524;-1.000064983177;
525;-1.000212371024;
526;-1.000354442963;
527;-1.000475709449;
528;-1.000528415247;
529;-1.000548264565;
530;-1.000375375009;
531;-1.000197736277;
532;-0.999911949916;
533;-0.999692097777;
534;-0.999511898332;
535;-0.999522239393;
536;-0.999777222179;
537;-1.000130813379;
538;-1.000568229635;
539;-1.000879278927;
540;-1.000950922048;
541;-1.000762241974;
542;-1.000254626461;
543;-0.999740373326;
544;-0.999175966559;
545;-0.999073802161;
546;-0.999306998976;
547;-0.999945601987;
548;-1.000669372426;
549;-1.001206147934;
550;-1.001337561878;
551;-1.000947097284;
552;-1.000221508103;
553;-0.999377322176;
554;-0.998841613622;
555;-0.998836093862;
556;-0.999428529193;
557;-1.000328148306;
558;-1.001207940176;
559;-1.001527096778;
560;-1.001252943268;
561;-1.000478710676;
562;-0.999465632379;
563;-0.998800612651;
564;-0.998748981044;
565;-0.999411195720;
566;-1.000381398747;
567;-1.001155948405;
568;-1.001502880258;
569;-1.001102505115;
570;-1.000226441666;
571;-0.999301295604;
572;-0.998842151953;
573;-0.999106682567;
574;-0.999856693337;
575;-1.000726744595;
576;-1.001248504145;
577;-1.001019803505;
578;-1.000372845336;
579;-0.999672024592;
580;-0.999208985757;
581;-0.999378997728;
582;-1.000009099502;
583;-1.000606478133;
584;-1.000780951604;
585;-1.000488513023;
586;-1.000029067083;
587;-0.999640253095;
588;-0.999608160593;
589;-1.000107750834;
590;-1.000611446775;
591;-1.000750788273;
592;-1.000149535245;
593;-0.999595138113;
594;-0.999252711785;
595;-0.999612006549;
596;-1.000401495722;
597;-1.001318371712;
598;-1.001431124603;
599;-1.000428529311;
600;-0.999036549309;
601;-0.998387922317;
602;-0.998734562828;
603;-0.999710788469;
604;-1.000762593228;
605;-1.001726655841;
606;-1.001991494490;
607;-1.001029965032;
608;-0.999563501998;
609;-0.998268783632;
610;-0.997938913593;
611;-0.998778239232;
612;-1.000879468156;
613;-1.002889667361;
614;-1.003046966034;
615;-1.001193017345;
616;-0.998378908679;
617;-0.996488490193;
618;-0.996844739044;
619;-0.999944490882;
620;-1.003617609551;
621;-1.004975591565;
622;-1.002529122636;
623;-0.998207742103;
624;-0.994899920756;
625;-0.995236008137;
626;-0.999712992469;
627;-1.005106206405;
628;-1.006692590053;
629;-1.003008787266;
630;-0.996821512737;
631;-0.992699872066;
632;-0.994437308596;
633;-1.001384146078;
634;-1.007753600965;
635;-1.007831103481;
636;-1.001393864606;
637;-0.993537832772;
638;-0.990611039223;
639;-0.996052577797;
640;-1.005626145071;
641;-1.010679325412;
642;-1.006522065201;
643;-0.996574049364;
644;-0.989127055492;
645;-0.991225821883;
646;-1.001957409751;
647;-1.011490990876;
648;-1.010658085529;
649;-1.000219077947;
650;-0.989094495131;
651;-0.987642200554;
652;-0.998421881174;
653;-1.011351966061;
654;-1.013658677602;
655;-1.003182760701;
656;-0.989285791646;
657;-0.985192802837;
658;-0.995949262613;
659;-1.011447758501;
660;-1.015874371749;
661;-1.004790958324;
662;-0.988669315732;
663;-0.983346860056;
664;-0.995245444236;
665;-1.012786291931;
666;-1.017392209196;
667;-1.004439284956;
668;-0.986580840797;
669;-0.982130981512;
670;-0.996934592818;
671;-1.015700833544;
672;-1.017931440118;
673;-1.001415805527;
674;-0.982896699884;
675;-0.982437720281;
676;-1.001765106633;
677;-1.019590598326;
678;-1.016126031872;
679;-0.995106353392;
680;-0.978810921996;
681;-0.986228646930;
682;-1.009848794758;
683;-1.022592709990;
684;-1.010008506877;
685;-0.985972271982;
686;-0.977427406772;
687;-0.995445144465;
688;-1.019322880481;
689;-1.020794886642;
690;-0.998260119277;
691;-0.977257627011;
692;-0.983091099552;
693;-1.009913382484;
694;-1.024896472106;
695;-1.010321347527;
696;-0.983177430089;
697;-0.975924329461;
698;-0.998888180267;
699;-1.023453394890;
700;-1.019208069060;
701;-0.991422757896;
702;-0.973761476266;
703;-0.989401390677;
704;-1.018936852525;
705;-1.024485427594;
706;-0.999292352980;
707;-0.974575985285;
708;-0.982718734132;
709;-1.013873603578;
710;-1.026910495858;
711;-1.005296283787;
712;-0.976448369738;
713;-0.978645173359;
714;-1.009806274659;
