0;1858.136650070547;
1;27.992813664445;
2;17.026287144733;
3;10.586082036273;
4;-2.820794904363;
5;-1.266343922346;
6;0.692567816551;
7;-0.002949534642;
8;-0.006507276486;
9;-0.007024673593;
10;-0.005804583065;
11;-0.003633247525;
12;-0.000935701963;
13;0.002188060569;
14;0.004709484963;
15;0.006760752408;
16;0.006833120566;
17;0.005391348238;
18;0.001114897687;
19;-0.003063398096;
20;-0.006507276486;
21;-0.007024673593;
22;-0.005804583065;
23;-0.003633247525;
24;-0.000935701963;
25;0.002188060569;
26;0.004709484963;
27;0.006760752408;
28;0.006833120566;
29;0.005391348238;
30;0.001114897687;
31;-0.003063398096;
32;-0.006507276486;
33;-0.007024673593;
34;-0.005804583065;
35;-0.003633247525;
36;-0.000935701963;
37;0.002188060569;
38;0.004709484963;
39;0.006760752408;
40;0.006833120566;
41;0.005391348238;
42;0.001114897687;
43;-0.003063398096;
44;-0.006507276486;
45;-0.007024673593;
46;-0.005804583065;
47;-0.003633247525;
48;-0.000935701963;
49;0.002188060569;
50;0.004709484963;
51;0.006760752408;
52;0.006833120566;
53;0.005391348238;
54;0.001114897687;
55;-0.003063398096;
56;-0.006507276486;
57;-0.007024673593;
58;-0.005804583065;
59;-0.003633247525;
60;-0.000935701963;
61;0.002188060569;
62;0.004709484963;
63;0.006760752408;
64;0.006833120566;
65;0.005391348238;
66;0.001114897687;
67;-0.003063398096;
68;-0.006507276486;
69;-0.007024673593;
70;-0.005804583065;
71;-0.003633247525;
72;-0.000935701963;
73;0.002188060569;
74;0.004709484963;
75;0.006760752408;
76;0.006833120566;
77;0.005391348238;
78;0.001114897687;
79;-0.003063398096;
80;-0.006507276486;
81;-0.007024673593;
82;-0.005804583065;
83;-0.003633247525;
84;-0.000935701963;
85;0.002188060569;
86;0.004709484963;
87;0.006760752408;
88;0.006833120566;
89;0.005391348238;
90;0.001114897687;
91;-0.003063398096;
92;-0.006507276486;
93;-0.007024673593;
94;-0.005804583065;
95;-0.003633247525;
96;-0.000935701963;
97;0.002188060569;
98;0.004709484963;
99;0.006760752408;
100;0.006833120566;
101;0.005391348238;
102;0.001114897687;
103;-0.003063398096;
104;-0.006507276486;
105;-0.007024673593;
106;-0.005804583065;
107;-0.003633247525;
108;-0.000935701963;
109;0.002188060569;
110;0.004709484963;
111;0.006760752408;
112;0.006833120566;
113;0.005391348238;
114;0.001114897687;
115;-0.003063398096;
116;-0.006507276486;
117;-0.007024673593;
118;-0.005804583065;
119;-0.003633247525;
120;-0.000935701963;
121;0.002188060569;
122;0.004709484963;
123;0.006760752408;
124;0.006833120566;
125;0.005391348238;
126;0.001114897687;
127;-0.003063398096;
128;-0.006507276486;
129;-0.007024673593;
130;-0.005804583065;
131;-0.003633247525;
132;-0.000935701963;
133;0.002188060569;
134;0.004709484963;
135;0.006760752408;
136;0.006833120566;
137;0.005391348238;
138;0.001114897687;
139;-0.003063398096;
140;-0.006507276486;
141;-0.007024673593;
142;-0.005804583065;
143;-0.003633247525;
144;-0.000935701963;
145;0.002188060569;
146;0.004709484963;
147;0.006760752408;
148;0.006833120566;
149;0.005391348238;
150;0.001114897687;
151;-0.003063398096;
152;-0.006507276486;
153;-0.007024673593;
154;-0.005804583065;
155;-0.003633247525;
156;-0.000935701963;
157;0.002188060569;
158;0.004709484963;
159;0.006760752408;
160;0.006833120566;
161;0.005391348238;
162;0.001114897687;
163;-0.003063398096;
164;-0.006507276486;
165;-0.007024673593;
166;-0.005804583065;
167;-0.003633247525;
168;-0.000935701963;
169;0.002188060569;
170;0.004709484963;
171;0.006760752408;
172;0.006833120566;
173;0.005391348238;
174;0.001114897687;
175;-0.003063398096;
176;-0.006507276486;
177;-0.007024673593;
178;-0.005804583065;
179;-0.003633247525;
180;-0.000935701963;
181;0.002188060569;
182;0.004709484963;
183;0.006760752408;
184;0.006833120566;
185;0.005391348238;
186;0.001114897687;
187;-0.003063398096;
188;-0.006507276486;
189;-0.007024673593;
190;-0.005804583065;
191;-0.003633247525;
192;-0.000935701963;
193;0.002188060569;
194;0.004709484963;
195;0.006760752408;
196;0.006833120566;
197;0.005391348238;
198;0.001114897687;
199;-0.003063398096;
200;-0.006507276486;
201;-0.007024673593;
202;-0.005804583065;
203;-0.003633247525;
204;-0.000935701963;
205;0.002188060569;
206;0.004709484963;
207;0.006760752408;
208;0.006833120566;
209;0.005391348238;
210;0.001114897687;
211;-0.003063398096;
212;-0.006507276486;
213;-0.007024673593;
214;-0.005804583065;
215;-0.003633247525;
216;-0.000935701963;
217;0.002188060569;
218;0.004709484963;
219;0.006760752408;
220;0.006833120566;
221;0.005391348238;
222;0.001114897687;
223;-0.003063398096;
224;-0.006507276486;
225;-0.007024673593;
226;-0.005804583065;
227;-0.003633247525;
228;-0.000935701963;
229;0.002188060569;
230;0.004709484963;
231;0.006760752408;
232;0.006833120566;
233;0.005391348238;
234;0.001114897687;
235;-0.003063398096;
236;-0.006507276486;
237;-0.007024673593;
238;-0.005804583065;
239;-0.003633247525;
240;-0.000935701963;
241;0.002188060569;
242;0.004709484963;
243;0.006760752408;
244;0.006833120566;
245;0.005391348238;
246;0.001114897687;
247;-0.003063398096;
248;-0.006507276486;
249;-0.007024673593;
250;-0.005804583065;
251;-0.003633247525;
252;-0.000935701963;
253;0.002188060569;
254;0.004709484963;
255;0.006760752408;
256;0.006833120566;
257;0.005391348238;
258;0.001114897687;
259;-0.003063398096;
260;-0.006507276486;
261;-0.007024673593;
262;-0.005804583065;
263;-0.003633247525;
264;-0.000935701963;
265;0.002188060569;
266;0.004709484963;
267;0.006760752408;
268;0.006833120566;
269;0.005391348238;
270;0.001114897687;
271;-0.003063398096;
272;-0.006507276486;
273;-0.007024673593;
274;-0.005804583065;
275;-0.003633247525;
276;-0.000935701963;
277;0.002188060569;
278;0.004709484963;
279;0.006760752408;
280;0.006833120566;
281;0.005391348238;
282;0.001114897687;
283;-0.003063398096;
284;-0.006507276486;
285;-0.007024673593;
286;-0.005804583065;
287;-0.003633247525;
288;-0.000935701963;
289;0.002188060569;
290;0.004709484963;
291;0.006760752408;
292;0.006833120566;
293;0.005391348238;
294;0.001114897687;
295;-0.003063398096;
296;-0.006507276486;
297;-0.007024673593;
298;-0.005804583065;
299;-0.003633247525;
300;-0.000935701963;
301;0.002188060569;
302;0.004709484963;
303;0.006760752408;
304;0.006833120566;
305;0.005391348238;
306;0.001114897687;
307;-0.003063398096;
308;-0.006507276486;
309;-0.007024673593;
310;-0.005804583065;
311;-0.003633247525;
312;-0.000935701963;
313;0.002188060569;
314;0.004709484963;
315;0.006760752408;
316;0.006833120566;
317;0.005391348238;
318;0.001114897687;
319;-0.003063398096;
320;-0.006507276486;
321;-0.007024673593;
322;-0.005804583065;
323;-0.003633247525;
324;-0.000935701963;
325;0.002188060569;
326;0.004709484963;
327;0.006760752408;
328;0.006833120566;
329;0.005391348238;
330;0.001114897687;
331;-0.003063398096;
332;-0.006507276486;
333;-0.007024673593;
334;-0.005804583065;
335;-0.003633247525;
336;-0.000935701963;
337;0.002188060569;
338;0.004709484963;
339;0.006760752408;
340;0.006833120566;
341;0.005391348238;
342;0.001114897687;
343;-0.003063398096;
344;-0.006507276486;
345;-0.007024673593;
346;-0.005804583065;
347;-0.003633247525;
348;-0.000935701963;
349;0.002188060569;
350;0.004709484963;
351;0.006760752408;
352;0.006833120566;
353;0.005391348238;
354;0.001114897687;
355;-0.003063398096;
356;-0.006507276486;
357;-0.007024673593;
358;-0.005804583065;
359;-0.003633247525;
360;-0.000935701963;
361;0.002188060569;
362;0.004709484963;
363;0.006760752408;
364;0.006833120566;
365;0.005391348238;
366;0.001114897687;
367;-0.003063398096;
368;-0.006507276486;
369;-0.007024673593;
370;-0.005804583065;
371;-0.003633247525;
372;-0.000935701963;
373;0.002188060569;
374;0.004709484963;
375;0.006760752408;
376;0.006833120566;
377;0.005391348238;
378;0.001114897687;
379;-0.003063398096;
380;-0.006507276486;
381;-0.007024673593;
382;-0.005804583065;
383;-0.003633247525;
384;-0.000935701963;
385;0.002188060569;
386;0.004709484963;
387;0.006760752408;
388;0.006833120566;
389;0.005391348238;
390;0.001114897687;
391;-0.003063398096;
392;-0.006507276486;
393;-0.007024673593;
394;-0.005804583065;
395;-0.003633247525;
396;-0.000935701963;
397;0.002188060569;
398;0.004709484963;
399;0.006760752408;
400;0.006833120566;
401;0.005391348238;
402;0.001114897687;
403;-0.003063398096;
404;-0.006507276486;
405;-0.007024673593;
406;-0.005804583065;
407;-0.003633247525;
408;-0.000935701963;
409;0.002188060569;
410;0.004709484963;
411;0.006760752408;
412;0.006833120566;
413;0.005391348238;
414;0.001114897687;
415;-0.003063398096;
416;-0.006507276486;
417;-0.007024673593;
418;-0.005804583065;
419;-0.003633247525;
420;-0.000935701963;
421;0.002188060569;
422;0.004709484963;
423;0.006760752408;
424;0.006833120566;
425;0.005391348238;
426;0.001114897687;
427;-0.003063398096;
428;-0.006507276486;
429;-0.007024673593;
430;-0.005804583065;
431;-0.003633247525;
432;-0.000935701963;
433;0.002188060569;
434;0.004709484963;
435;0.006760752408;
436;0.006833120566;
437;0.005391348238;
438;0.001114897687;
439;-0.003063398096;
440;-0.006507276486;
441;-0.007024673593;
442;-0.005804583065;
443;-0.003633247525;
444;-0.000935701963;
445;0.002188060569;
446;0.004709484963;
447;0.006760752408;
448;0.006833120566;
449;0.005391348238;
450;0.001114897687;
451;-0.003063398096;
452;-0.006507276486;
453;-0.007024673593;
454;-0.005804583065;
455;-0.003633247525;
456;-0.000935701963;
457;0.002188060569;
458;0.004709484963;
459;0.006760752408;
460;0.006833120566;
461;0.005391348238;
462;0.001114897687;
463;-0.003063398096;
464;-0.006507276486;
465;-0.007024673593;
466;-0.005804583065;
467;-0.003633247525;
468;-0.000935701963;
469;0.002188060569;
470;0.004709484963;
471;0.006760752408;
472;0.006833120566;
473;0.005391348238;
474;0.001114897687;
475;-0.003063398096;
476;-0.006507276486;
477;-0.007024673593;
478;-0.005804583065;
479;-0.003633247525;
480;-0.000935701963;
481;0.002188060569;
482;0.004709484963;
483;0.006760752408;
484;0.006833120566;
485;0.005391348238;
486;0.001114897687;
487;-0.003063398096;
488;-0.006507276486;
489;-0.007024673593;
490;-0.005804583065;
491;-0.003633247525;
492;-0.000935701963;
493;0.002188060569;
494;0.004709484963;
495;0.006760752408;
496;0.006833120566;
497;0.005391348238;
498;0.001114897687;
499;-0.003063398096;
500;-0.006507276486;
501;-0.007024673593;
502;-0.005804583065;
503;-0.003633247525;
504;-0.000935701963;
505;0.002188060569;
506;0.004709484963;
507;0.006760752408;
508;0.006833120566;
509;0.005391348238;
510;0.001114897687;
511;-0.003063398096;
512;-0.006507276486;
513;-0.007024673593;
514;-0.005804583065;
515;-0.003633247525;
516;-0.000935701963;
517;0.002188060569;
518;0.004709484963;
519;0.006760752408;
520;0.006833120566;
521;0.005391348238;
522;0.001114897687;
523;-0.003063398096;
524;-0.006507276486;
525;-0.007024673593;
526;-0.005804583065;
527;-0.003633247525;
528;-0.000935701963;
529;0.002188060569;
530;0.004709484963;
531;0.006760752408;
532;0.006833120566;
533;0.005391348238;
534;0.001114897687;
535;-0.003063398096;
536;-0.006507276486;
537;-0.007024673593;
538;-0.005804583065;
539;-0.003633247525;
540;-0.000935701963;
541;0.002188060569;
542;0.004709484963;
543;0.006760752408;
544;0.006833120566;
545;0.005391348238;
546;0.001114897687;
547;-0.003063398096;
548;-0.006507276486;
549;-0.007024673593;
550;-0.005804583065;
551;-0.003633247525;
552;-0.000935701963;
553;0.002188060569;
554;0.004709484963;
555;0.006760752408;
556;0.006833120566;
557;0.005391348238;
558;0.001114897687;
559;-0.003063398096;
560;-0.006507276486;
561;-0.007024673593;
562;-0.005804583065;
563;-0.003633247525;
564;-0.000935701963;
565;0.002188060569;
566;0.004709484963;
567;0.006760752408;
568;0.006833120566;
569;0.005391348238;
570;0.001114897687;
571;-0.003063398096;
572;-0.006507276486;
573;-0.007024673593;
574;-0.005804583065;
575;-0.003633247525;
576;-0.000935701963;
577;0.002188060569;
578;0.004709484963;
579;0.006760752408;
580;0.006833120566;
581;0.005391348238;
582;0.001114897687;
583;-0.003063398096;
584;-0.006507276486;
585;-0.007024673593;
586;-0.005804583065;
587;-0.003633247525;
588;-0.000935701963;
589;0.002188060569;
590;0.004709484963;
591;0.006760752408;
592;0.006833120566;
593;0.005391348238;
594;0.001114897687;
595;-0.003063398096;
596;-0.006507276486;
597;-0.007024673593;
598;-0.005804583065;
599;-0.003633247525;
600;-0.000935701963;
601;0.002188060569;
602;0.004709484963;
603;0.006760752408;
604;0.006833120566;
605;0.005391348238;
606;0.001114897687;
607;-0.003063398096;
608;-0.006507276486;
609;-0.007024673593;
610;-0.005804583065;
611;-0.003633247525;
612;-0.000935701963;
613;0.002188060569;
614;0.004709484963;
615;0.006760752408;
616;0.006833120566;
617;0.005391348238;
618;0.001114897687;
619;-0.003063398096;
620;-0.006507276486;
621;-0.007024673593;
622;-0.005804583065;
623;-0.003633247525;
624;-0.000935701963;
625;0.002188060569;
626;0.004709484963;
627;0.006760752408;
628;0.006833120566;
629;0.005391348238;
630;0.001114897687;
631;-0.003063398096;
632;-0.006507276486;
633;-0.007024673593;
634;-0.005804583065;
635;-0.003633247525;
636;-0.000935701963;
637;0.002188060569;
638;0.004709484963;
639;0.006760752408;
640;0.006833120566;
641;0.005391348238;
642;0.001114897687;
643;-0.003063398096;
644;-0.006507276486;
645;-0.007024673593;
646;-0.005804583065;
647;-0.003633247525;
648;-0.000935701963;
649;0.002188060569;
650;0.004709484963;
651;0.006760752408;
652;0.006833120566;
653;0.005391348238;
654;0.001114897687;
655;-0.003063398096;
656;-0.006507276486;
657;-0.007024673593;
658;-0.005804583065;
659;-0.003633247525;
660;-0.000935701963;
661;0.002188060569;
662;0.004709484963;
663;0.006760752408;
664;0.006833120566;
665;0.005391348238;
666;0.001114897687;
667;-0.003063398096;
668;-0.006507276486;
669;-0.007024673593;
670;-0.005804583065;
671;-0.003633247525;
672;-0.000935701963;
673;0.002188060569;
674;0.004709484963;
675;0.006760752408;
676;0.006833120566;
677;0.005391348238;
678;0.001114897687;
679;-0.003063398096;
680;-0.006507276486;
681;-0.007024673593;
682;-0.005804583065;
683;-0.003633247525;
684;-0.000935701963;
685;0.002188060569;
686;0.004709484963;
687;0.006760752408;
688;0.006833120566;
689;0.005391348238;
690;0.001114897687;
691;-0.003063398096;
692;-0.006507276486;
693;-0.007024673593;
694;-0.005804583065;
695;-0.003633247525;
696;-0.000935701963;
697;0.002188060569;
698;0.004709484963;
699;0.006760752408;
700;0.006833120566;
701;0.005391348238;
702;0.001114897687;
703;-0.003063398096;
704;-0.006507276486;
705;-0.007024673593;
706;-0.005804583065;
707;-0.003633247525;
708;-0.000935701963;
709;0.002188060569;
710;0.004709484963;
711;0.006760752408;
712;0.006833120566;
713;0.005391348238;
714;0.001114897687;
