0;1025.219046376334;
1;11.776422811825;
2;0.781886152056;
3;2.000891067901;
4;4.287558087587;
5;9.819762575291;
6;15.197290513319;
7;14.969522054306;
8;10.968190517257;
9;4.036986753571;
10;-3.985708337123;
11;-10.971503125944;
12;-15.025644558435;
13;-15.023937358606;
14;-10.959926996443;
15;-3.976352272542;
16;4.036049980690;
17;10.959472956403;
18;14.962464496958;
19;14.969522054306;
20;10.968190517257;
21;4.036986753571;
22;-3.985708337123;
23;-10.971503125944;
24;-15.025644558435;
25;-15.023937358606;
26;-10.959926996443;
27;-3.976352272542;
28;4.036049980690;
29;10.959472956403;
30;14.962464496958;
31;14.969522054306;
32;10.968190517257;
33;4.036986753571;
34;-3.985708337123;
35;-10.971503125944;
36;-15.025644558435;
37;-15.023937358606;
38;-10.959926996443;
39;-3.976352272542;
40;4.036049980690;
41;10.959472956403;
42;14.962464496958;
43;14.969522054306;
44;10.968190517257;
45;4.036986753571;
46;-3.985708337124;
47;-10.971503125944;
48;-15.025644558435;
49;-15.023937358606;
50;-10.959926996443;
51;-3.976352272542;
52;4.036049980690;
53;10.959472956403;
54;14.962464496957;
55;14.969522054306;
56;10.968190517257;
57;4.036986753571;
58;-3.985708337124;
59;-10.971503125944;
60;-15.025644558435;
61;-15.023937358606;
62;-10.959926996443;
63;-3.976352272542;
64;4.036049980691;
65;10.959472956403;
66;14.962464496957;
67;14.969522054306;
68;10.968190517257;
69;4.036986753571;
70;-3.985708337124;
71;-10.971503125944;
72;-15.025644558435;
73;-15.023937358606;
74;-10.959926996443;
75;-3.976352272542;
76;4.036049980690;
77;10.959472956403;
78;14.962464496956;
79;14.969522054306;
80;10.968190517257;
81;4.036986753571;
82;-3.985708337124;
83;-10.971503125944;
84;-15.025644558435;
85;-15.023937358606;
86;-10.959926996443;
87;-3.976352272542;
88;4.036049980691;
89;10.959472956403;
90;14.962464496956;
91;14.969522054306;
92;10.968190517257;
93;4.036986753571;
94;-3.985708337124;
95;-10.971503125944;
96;-15.025644558435;
97;-15.023937358606;
98;-10.959926996443;
99;-3.976352272542;
100;4.036049980691;
101;10.959472956403;
102;14.962464496956;
103;14.969522054306;
104;10.968190517257;
105;4.036986753571;
106;-3.985708337124;
107;-10.971503125944;
108;-15.025644558435;
109;-15.023937358606;
110;-10.959926996443;
111;-3.976352272542;
112;4.036049980691;
113;10.959472956403;
114;14.962464496956;
115;14.969522054306;
116;10.968190517257;
117;4.036986753571;
118;-3.985708337125;
119;-10.971503125944;
120;-15.025644558435;
121;-15.023937358606;
122;-10.959926996443;
123;-3.976352272542;
124;4.036049980691;
125;10.959472956403;
126;14.962464496955;
127;14.969522054306;
128;10.968190517257;
129;4.036986753571;
130;-3.985708337124;
131;-10.971503125944;
132;-15.025644558435;
133;-15.023937358606;
134;-10.959926996443;
135;-3.976352272542;
136;4.036049980691;
137;10.959472956403;
138;14.962464496955;
139;14.969522054306;
140;10.968190517257;
141;4.036986753571;
142;-3.985708337126;
143;-10.971503125944;
144;-15.025644558435;
145;-15.023937358606;
146;-10.959926996443;
147;-3.976352272542;
148;4.036049980692;
149;10.959472956403;
150;14.962464496956;
151;14.969522054306;
152;10.968190517257;
153;4.036986753571;
154;-3.985708337125;
155;-10.971503125944;
156;-15.025644558435;
157;-15.023937358606;
158;-10.959926996443;
159;-3.976352272542;
160;4.036049980691;
161;10.959472956403;
162;14.962464496955;
163;14.969522054306;
164;10.968190517257;
165;4.036986753571;
166;-3.985708337125;
167;-10.971503125944;
168;-15.025644558435;
169;-15.023937358606;
170;-10.959926996443;
171;-3.976352272542;
172;4.036049980692;
173;10.959472956403;
174;14.962464496955;
175;14.969522054306;
176;10.968190517257;
177;4.036986753571;
178;-3.985708337126;
179;-10.971503125944;
180;-15.025644558435;
181;-15.023937358606;
182;-10.959926996443;
183;-3.976352272542;
184;4.036049980691;
185;10.959472956403;
186;14.962464496954;
187;14.969522054306;
188;10.968190517257;
189;4.036986753571;
190;-3.985708337125;
191;-10.971503125944;
192;-15.025644558435;
193;-15.023937358606;
194;-10.959926996443;
195;-3.976352272542;
196;4.036049980692;
197;10.959472956403;
198;14.962464496954;
199;14.969522054306;
200;10.968190517257;
201;4.036986753571;
202;-3.985708337126;
203;-10.971503125944;
204;-15.025644558435;
205;-15.023937358606;
206;-10.959926996443;
207;-3.976352272542;
208;4.036049980693;
209;10.959472956403;
210;14.962464496954;
211;14.969522054306;
212;10.968190517257;
213;4.036986753571;
214;-3.985708337125;
215;-10.971503125944;
216;-15.025644558435;
217;-15.023937358606;
218;-10.959926996443;
219;-3.976352272542;
220;4.036049980692;
221;10.959472956403;
222;14.962464496954;
223;14.969522054306;
224;10.968190517257;
225;4.036986753571;
226;-3.985708337126;
227;-10.971503125944;
228;-15.025644558435;
229;-15.023937358606;
230;-10.959926996443;
231;-3.976352272542;
232;4.036049980693;
233;10.959472956403;
234;14.962464496954;
235;14.969522054306;
236;10.968190517257;
237;4.036986753571;
238;-3.985708337126;
239;-10.971503125944;
240;-15.025644558435;
241;-15.023937358606;
242;-10.959926996443;
243;-3.976352272542;
244;4.036049980693;
245;10.959472956403;
246;14.962464496953;
247;14.969522054306;
248;10.968190517257;
249;4.036986753571;
250;-3.985708337126;
251;-10.971503125944;
252;-15.025644558435;
253;-15.023937358606;
254;-10.959926996443;
255;-3.976352272542;
256;4.036049980693;
257;10.959472956403;
258;14.962464496953;
259;14.969522054306;
260;10.968190517257;
261;4.036986753571;
262;-3.985708337126;
263;-10.971503125944;
264;-15.025644558435;
265;-15.023937358606;
266;-10.959926996443;
267;-3.976352272542;
268;4.036049980693;
269;10.959472956403;
270;14.962464496953;
271;14.969522054306;
272;10.968190517257;
273;4.036986753571;
274;-3.985708337126;
275;-10.971503125944;
276;-15.025644558435;
277;-15.023937358606;
278;-10.959926996443;
279;-3.976352272542;
280;4.036049980694;
281;10.959472956403;
282;14.962464496953;
283;14.969522054306;
284;10.968190517257;
285;4.036986753571;
286;-3.985708337126;
287;-10.971503125944;
288;-15.025644558435;
289;-15.023937358606;
290;-10.959926996443;
291;-3.976352272542;
292;4.036049980693;
293;10.959472956403;
294;14.962464496953;
295;14.969522054306;
296;10.968190517257;
297;4.036986753571;
298;-3.985708337127;
299;-10.971503125944;
300;-15.025644558435;
301;-15.023937358606;
302;-10.959926996443;
303;-3.976352272542;
304;4.036049980694;
305;10.959472956403;
306;14.962464496953;
307;14.969522054306;
308;10.968190517257;
309;4.036986753571;
310;-3.985708337127;
311;-10.971503125944;
312;-15.025644558435;
313;-15.023937358606;
314;-10.959926996443;
315;-3.976352272542;
316;4.036049980694;
317;10.959472956403;
318;14.962464496953;
319;14.969522054306;
320;10.968190517257;
321;4.036986753571;
322;-3.985708337127;
323;-10.971503125944;
324;-15.025644558435;
325;-15.023937358606;
326;-10.959926996443;
327;-3.976352272542;
328;4.036049980694;
329;10.959472956403;
330;14.962464496953;
331;14.969522054306;
332;10.968190517257;
333;4.036986753571;
334;-3.985708337127;
335;-10.971503125944;
336;-15.025644558435;
337;-15.023937358606;
338;-10.959926996443;
339;-3.976352272542;
340;4.036049980694;
341;10.959472956403;
342;14.962464496952;
343;14.969522054306;
344;10.968190517257;
345;4.036986753571;
346;-3.985708337127;
347;-10.971503125944;
348;-15.025644558435;
349;-15.023937358606;
350;-10.959926996443;
351;-3.976352272542;
352;4.036049980694;
353;10.959472956403;
354;14.962464496952;
355;14.969522054306;
356;10.968190517257;
357;4.036986753571;
358;-3.985708337127;
359;-10.971503125944;
360;-15.025644558435;
361;-15.023937358606;
362;-10.959926996443;
363;-3.976352272542;
364;4.036049980694;
365;10.959472956403;
366;14.962464496952;
367;14.969522054306;
368;10.968190517257;
369;4.036986753571;
370;-3.985708337128;
371;-10.971503125944;
372;-15.025644558435;
373;-15.023937358606;
374;-10.959926996443;
375;-3.976352272542;
376;4.036049980695;
377;10.959472956403;
378;14.962464496951;
379;14.969522054306;
380;10.968190517257;
381;4.036986753571;
382;-3.985708337127;
383;-10.971503125944;
384;-15.025644558435;
385;-15.023937358606;
386;-10.959926996443;
387;-3.976352272542;
388;4.036049980694;
389;10.959472956403;
390;14.962464496951;
391;14.969522054306;
392;10.968190517257;
393;4.036986753571;
394;-3.985708337128;
395;-10.971503125944;
396;-15.025644558435;
397;-15.023937358606;
398;-10.959926996443;
399;-3.976352272542;
400;4.036049980695;
401;10.959472956403;
402;14.962464496951;
403;14.969522054306;
404;10.968190517257;
405;4.036986753571;
406;-3.985708337128;
407;-10.971503125944;
408;-15.025644558435;
409;-15.023937358606;
410;-10.959926996443;
411;-3.976352272542;
412;4.036049980695;
413;10.959472956403;
414;14.962464496951;
415;14.969522054306;
416;10.968190517257;
417;4.036986753571;
418;-3.985708337128;
419;-10.971503125944;
420;-15.025644558435;
421;-15.023937358606;
422;-10.959926996443;
423;-3.976352272542;
424;4.036049980696;
425;10.959472956403;
426;14.962464496951;
427;14.969522054306;
428;10.968190517257;
429;4.036986753572;
430;-3.985708337129;
431;-10.971503125944;
432;-15.025644558435;
433;-15.023937358606;
434;-10.959926996443;
435;-3.976352272542;
436;4.036049980695;
437;10.959472956403;
438;14.962464496951;
439;14.969522054306;
440;10.968190517257;
441;4.036986753572;
442;-3.985708337128;
443;-10.971503125944;
444;-15.025644558435;
445;-15.023937358606;
446;-10.959926996443;
447;-3.976352272542;
448;4.036049980695;
449;10.959472956403;
450;14.962464496951;
451;14.969522054306;
452;10.968190517257;
453;4.036986753572;
454;-3.985708337128;
455;-10.971503125944;
456;-15.025644558435;
457;-15.023937358606;
458;-10.959926996443;
459;-3.976352272542;
460;4.036049980696;
461;10.959472956403;
462;14.962464496951;
463;14.969522054306;
464;10.968190517257;
465;4.036986753572;
466;-3.985708337129;
467;-10.971503125944;
468;-15.025644558435;
469;-15.023937358606;
470;-10.959926996443;
471;-3.976352272542;
472;4.036049980696;
473;10.959472956403;
474;14.962464496951;
475;14.969522054306;
476;10.968190517257;
477;4.036986753572;
478;-3.985708337129;
479;-10.971503125944;
480;-15.025644558435;
481;-15.023937358606;
482;-10.959926996443;
483;-3.976352272542;
484;4.036049980696;
485;10.959472956403;
486;14.962464496950;
487;14.969522054306;
488;10.968190517257;
489;4.036986753572;
490;-3.985708337129;
491;-10.971503125944;
492;-15.025644558435;
493;-15.023937358606;
494;-10.959926996443;
495;-3.976352272542;
496;4.036049980695;
497;10.959472956403;
498;14.962464496950;
499;14.969522054306;
500;10.968190517257;
501;4.036986753571;
502;-3.985708337128;
503;-10.971503125944;
504;-15.025644558435;
505;-15.023937358606;
506;-10.959926996443;
507;-3.976352272542;
508;4.036049980695;
509;10.959472956403;
510;14.962464496950;
511;14.969522054306;
512;10.968190517257;
513;4.036986753572;
514;-3.985708337129;
515;-10.971503125944;
516;-15.025644558435;
517;-15.023937358606;
518;-10.959926996443;
519;-3.976352272542;
520;4.036049980697;
521;10.959472956403;
522;14.962464496950;
523;14.969522054306;
524;10.968190517257;
525;4.036986753572;
526;-3.985708337130;
527;-10.971503125944;
528;-15.025644558435;
529;-15.023937358606;
530;-10.959926996443;
531;-3.976352272542;
532;4.036049980697;
533;10.959472956403;
534;14.962464496950;
535;14.969522054306;
536;10.968190517257;
537;4.036986753572;
538;-3.985708337130;
539;-10.971503125944;
540;-15.025644558435;
541;-15.023937358606;
542;-10.959926996443;
543;-3.976352272543;
544;4.036049980698;
545;10.959472956403;
546;14.962464496950;
547;14.969522054306;
548;10.968190517257;
549;4.036986753572;
550;-3.985708337131;
551;-10.971503125944;
552;-15.025644558435;
553;-15.023937358606;
554;-10.959926996443;
555;-3.976352272542;
556;4.036049980697;
557;10.959472956403;
558;14.962464496949;
559;14.969522054306;
560;10.968190517257;
561;4.036986753572;
562;-3.985708337129;
563;-10.971503125944;
564;-15.025644558435;
565;-15.023937358606;
566;-10.959926996443;
567;-3.976352272542;
568;4.036049980696;
569;10.959472956403;
570;14.962464496949;
571;14.969522054306;
572;10.968190517257;
573;4.036986753572;
574;-3.985708337129;
575;-10.971503125944;
576;-15.025644558435;
577;-15.023937358606;
578;-10.959926996443;
579;-3.976352272542;
580;4.036049980697;
581;10.959472956403;
582;14.962464496949;
583;14.969522054306;
584;10.968190517257;
585;4.036986753572;
586;-3.985708337130;
587;-10.971503125944;
588;-15.025644558435;
589;-15.023937358606;
590;-10.959926996443;
591;-3.976352272542;
592;4.036049980696;
593;10.959472956403;
594;14.962464496948;
595;14.969522054306;
596;10.968190517257;
597;4.036986753572;
598;-3.985708337130;
599;-10.971503125944;
600;-15.025644558435;
601;-15.023937358606;
602;-10.959926996443;
603;-3.976352272542;
604;4.036049980698;
605;10.959472956403;
606;14.962464496948;
607;14.969522054306;
608;10.968190517257;
609;4.036986753572;
610;-3.985708337131;
611;-10.971503125944;
612;-15.025644558435;
613;-15.023937358606;
614;-10.959926996443;
615;-3.976352272543;
616;4.036049980698;
617;10.959472956403;
618;14.962464496947;
619;14.969522054306;
620;10.968190517257;
621;4.036986753572;
622;-3.985708337131;
623;-10.971503125944;
624;-15.025644558435;
625;-15.023937358606;
626;-10.959926996443;
627;-3.976352272543;
628;4.036049980698;
629;10.959472956403;
630;14.962464496948;
631;14.969522054306;
632;10.968190517257;
633;4.036986753572;
634;-3.985708337132;
635;-10.971503125944;
636;-15.025644558435;
637;-15.023937358606;
638;-10.959926996443;
639;-3.976352272543;
640;4.036049980698;
641;10.959472956403;
642;14.962464496947;
643;14.969522054306;
644;10.968190517257;
645;4.036986753572;
646;-3.985708337130;
647;-10.971503125944;
648;-15.025644558435;
649;-15.023937358606;
650;-10.959926996443;
651;-3.976352272542;
652;4.036049980697;
653;10.959472956403;
654;14.962464496947;
655;14.969522054306;
656;10.968190517257;
657;4.036986753572;
658;-3.985708337132;
659;-10.971503125944;
660;-15.025644558435;
661;-15.023937358606;
662;-10.959926996443;
663;-3.976352272543;
664;4.036049980700;
665;10.959472956403;
666;14.962464496947;
667;14.969522054306;
668;10.968190517257;
669;4.036986753572;
670;-3.985708337132;
671;-10.971503125944;
672;-15.025644558435;
673;-15.023937358606;
674;-10.959926996443;
675;-3.976352272543;
676;4.036049980699;
677;10.959472956403;
678;14.962464496947;
679;14.969522054306;
680;10.968190517257;
681;4.036986753572;
682;-3.985708337131;
683;-10.971503125944;
684;-15.025644558435;
685;-15.023937358606;
686;-10.959926996443;
687;-3.976352272542;
688;4.036049980698;
689;10.959472956403;
690;14.962464496947;
691;14.969522054306;
692;10.968190517257;
693;4.036986753572;
694;-3.985708337131;
695;-10.971503125944;
696;-15.025644558435;
697;-15.023937358606;
698;-10.959926996443;
699;-3.976352272542;
700;4.036049980698;
701;10.959472956403;
702;14.962464496946;
703;14.969522054306;
704;10.968190517257;
705;4.036986753572;
706;-3.985708337131;
707;-10.971503125944;
708;-15.025644558435;
709;-15.023937358606;
710;-10.959926996443;
711;-3.976352272543;
712;4.036049980698;
713;10.959472956403;
714;14.962464496946;
